3965;2026;7937;2120;2114;2067
4066;2026;7937;2120;2114;2067
3965;2026;7937;2120;2114;2067
3965;9630;7937;2120;2114;2067
3965;2027;7937;2120;2114;2067
3965;2026;7418;2120;2114;2067
3965;2026;7937;2122;2114;2067
3965;2026;7937;2120;2115;2067
3965;2026;7937;2120;2475;2067
3965;2026;7937;2120;3304;2067
3965;2026;7937;2120;2114;2965
3965;2026;7937;2120;2114;2070
3965;2026;7937;2120;2114;2069
3965;2026;7937;2120;2114;2067;3169
3965;2026;7937;2120;2114;2067;2130
3965;2026;7937;2120;2114;2067;2135
3965;2026;7937;2120;2114;2067;6985
3965;2026;7937;2120;2114;2067;2047
3965;2026;7937;2120;2114;2067;2103
3965;2026;7937;2120;2114;2067;2105
3965;2026;7937;2120;2114;2067;2109
3965;2026;7937;2120;2114;2067;6948
