4066;2125;2118;2026;3222;2114;2067
4484;2125;2118;2026;3222;2114;2067
4066;2125;2118;2026;3222;2114;2067
4066;2126;2118;2026;3222;2114;2067
4066;2128;2118;2026;3222;2114;2067
4066;6873;2118;2026;3222;2114;2067
4066;2124;2118;2026;3222;2114;2067
4066;2125;2120;2026;3222;2114;2067
4066;2125;2122;2026;3222;2114;2067
4066;2125;2118;9630;3222;2114;2067
4066;2125;2118;2027;3222;2114;2067
4066;2125;2118;2026;3223;2114;2067
4066;2125;2118;2026;3222;2115;2067
4066;2125;2118;2026;3222;8565;2067
4066;2125;2118;2026;3222;2475;2067
4066;2125;2118;2026;3222;3304;2067
4066;2125;2118;2026;3222;2114;2965
4066;2125;2118;2026;3222;2114;2070
4066;2125;2118;2026;3222;2114;2069
4066;2125;2118;2026;3222;2114;2067;3169
4066;2125;2118;2026;3222;2114;2067;2130
4066;2125;2118;2026;3222;2114;2067;2135
4066;2125;2118;2026;3222;2114;2067;6985
4066;2125;2118;2026;3222;2114;2067;2047
4066;2125;2118;2026;3222;2114;2067;2103
4066;2125;2118;2026;3222;2114;2067;2105
4066;2125;2118;2026;3222;2114;2067;2109
4066;2125;2118;2026;3222;2114;2067;6948
4066;2125;2118;2026;3222;2114;2067;6950
