2014;4066;2026;7937;2120;2114;2067
3950;4066;2026;7937;2120;2114;2067
3445;4066;2026;7937;2120;2114;2067
2014;4068;2026;7937;2120;2114;2067
3445;4068;2026;7937;2120;2114;2067
3950;4068;2026;7937;2120;2114;2067
2014;4484;2026;7937;2120;2114;2067
3445;4484;2026;7937;2120;2114;2067
3950;4484;2026;7937;2120;2114;2067
2014;4066;2026;7937;2120;2114;2067
2014;4066;9630;7937;2120;2114;2067
2014;4066;2027;7937;2120;2114;2067
2014;4066;2026;7418;2120;2114;2067
2014;4066;2026;7937;2122;2114;2067
2014;4066;2026;7937;2120;2115;2067
2014;4066;2026;7937;2120;2475;2067
2014;4066;2026;7937;2120;3304;2067
2014;4066;2026;7937;2120;2114;2965
2014;4066;2026;7937;2120;2114;2070
2014;4066;2026;7937;2120;2114;2069
2014;4066;2026;7937;2120;2114;2067;3169
2014;4066;2026;7937;2120;2114;2067;2130
2014;4066;2026;7937;2120;2114;2067;2135
2014;4066;2026;7937;2120;2114;2067;6985
2014;4066;2026;7937;2120;2114;2067;2047
2014;4066;2026;7937;2120;2114;2067;2103
2014;4066;2026;7937;2120;2114;2067;2105
2014;4066;2026;7937;2120;2114;2067;2109
2014;4066;2026;7937;2120;2114;2067;6948
