3445;4068;2026;2125;2118;2114;2067
3445;4066;2026;2125;2118;2114;2067
3950;4066;2026;2125;2118;2114;2067
3950;4068;2026;2125;2118;2114;2067
3445;4068;2026;2125;2118;2114;2067
3445;4068;9630;2125;2118;2114;2067
3445;4068;2027;2125;2118;2114;2067
3445;4068;2026;2124;2118;2114;2067
3445;4068;2026;2126;2118;2114;2067
3445;4068;2026;2128;2118;2114;2067
3445;4068;2026;6873;2118;2114;2067
3445;4068;2026;2125;2120;2114;2067
3445;4068;2026;2125;2122;2114;2067
3445;4068;2026;2125;2118;2115;2067
3445;4068;2026;2125;2118;8565;2067
3445;4068;2026;2125;2118;2475;2067
3445;4068;2026;2125;2118;3304;2067
3445;4068;2026;2125;2118;2114;2965
3445;4068;2026;2125;2118;2114;2070
3445;4068;2026;2125;2118;2114;2069
3445;4068;2026;2125;2118;2114;2067;3169
3445;4068;2026;2125;2118;2114;2067;2130
3445;4068;2026;2125;2118;2114;2067;2135
3445;4068;2026;2125;2118;2114;2067;6985
3445;4068;2026;2125;2118;2114;2067;2047
3445;4068;2026;2125;2118;2114;2067;2103
3445;4068;2026;2125;2118;2114;2067;2105
3445;4068;2026;2125;2118;2114;2067;2109
3445;4068;2026;2125;2118;2114;2067;6948
