2452;5259;2125;2118;2114;2026;3222;2067
2452;5260;2125;2118;2114;2026;3222;2067
2454;5259;2125;2118;2114;2026;3222;2067
2454;5260;2125;2118;2114;2026;3222;2067
4459;5259;2125;2118;2114;2026;3222;2067
4459;5260;2125;2118;2114;2026;3222;2067
2452;5261;2125;2118;2114;2026;3222;2067
2452;5262;2125;2118;2114;2026;3222;2067
2454;5261;2125;2118;2114;2026;3222;2067
2454;5262;2125;2118;2114;2026;3222;2067
4459;5261;2125;2118;2114;2026;3222;2067
4459;5262;2125;2118;2114;2026;3222;2067
2452;5259;2125;2118;2114;2026;3222;2067
2452;5259;2126;2118;2114;2026;3222;2067
2452;5259;2128;2118;2114;2026;3222;2067
2452;5259;6873;2118;2114;2026;3222;2067
2452;5259;2124;2118;2114;2026;3222;2067
2452;5259;2125;2120;2114;2026;3222;2067
2452;5259;2125;2122;2114;2026;3222;2067
2452;5259;2125;2118;2115;2026;3222;2067
2452;5259;2125;2118;8565;2026;3222;2067
2452;5259;2125;2118;2475;2026;3222;2067
2452;5259;2125;2118;3304;2026;3222;2067
2452;5259;2125;2118;2114;9630;3222;2067
2452;5259;2125;2118;2114;2027;3222;2067
2452;5259;2125;2118;2114;2026;3223;2067
2452;5259;2125;2118;2114;2026;3222;2965
2452;5259;2125;2118;2114;2026;3222;2070
2452;5259;2125;2118;2114;2026;3222;2069
2452;5259;2125;2118;2114;2026;3222;2067;3169
2452;5259;2125;2118;2114;2026;3222;2067;2130
2452;5259;2125;2118;2114;2026;3222;2067;2135
2452;5259;2125;2118;2114;2026;3222;2067;6985
2452;5259;2125;2118;2114;2026;3222;2067;2047
2452;5259;2125;2118;2114;2026;3222;2067;2103
2452;5259;2125;2118;2114;2026;3222;2067;2105
2452;5259;2125;2118;2114;2026;3222;2067;2109
2452;5259;2125;2118;2114;2026;3222;2067;6948
