2023;4702;2026;3222;7937;2120;2114;2067
2024;4702;2026;3222;7937;2120;2114;2067
2023;4702;2026;3222;7937;2120;2114;2067
2023;4702;9630;3222;7937;2120;2114;2067
2023;4702;2027;3222;7937;2120;2114;2067
2023;4702;2026;3223;7937;2120;2114;2067
2023;4702;2026;3222;7418;2120;2114;2067
2023;4702;2026;3222;7937;2122;2114;2067
2023;4702;2026;3222;7937;2120;2115;2067
2023;4702;2026;3222;7937;2120;2475;2067
2023;4702;2026;3222;7937;2120;3304;2067
2023;4702;2026;3222;7937;2120;2114;2965
2023;4702;2026;3222;7937;2120;2114;2070
2023;4702;2026;3222;7937;2120;2114;2069
2023;4702;2026;3222;7937;2120;2114;2067;3169
2023;4702;2026;3222;7937;2120;2114;2067;2130
2023;4702;2026;3222;7937;2120;2114;2067;2135
2023;4702;2026;3222;7937;2120;2114;2067;6985
2023;4702;2026;3222;7937;2120;2114;2067;2047
2023;4702;2026;3222;7937;2120;2114;2067;2103
2023;4702;2026;3222;7937;2120;2114;2067;2105
2023;4702;2026;3222;7937;2120;2114;2067;2109
2023;4702;2026;3222;7937;2120;2114;2067;6948
