2567;4484;2026;2125;2118;2114;2067
3084;4484;2026;2125;2118;2114;2067
2567;4066;2026;2125;2118;2114;2067
3084;4066;2026;2125;2118;2114;2067
2567;4484;2026;2125;2118;2114;2067
2567;4484;9630;2125;2118;2114;2067
2567;4484;2027;2125;2118;2114;2067
2567;4484;2026;2124;2118;2114;2067
2567;4484;2026;2126;2118;2114;2067
2567;4484;2026;2128;2118;2114;2067
2567;4484;2026;6873;2118;2114;2067
2567;4484;2026;2125;2120;2114;2067
2567;4484;2026;2125;2122;2114;2067
2567;4484;2026;2125;2118;2115;2067
2567;4484;2026;2125;2118;8565;2067
2567;4484;2026;2125;2118;2475;2067
2567;4484;2026;2125;2118;3304;2067
2567;4484;2026;2125;2118;2114;2965
2567;4484;2026;2125;2118;2114;2070
2567;4484;2026;2125;2118;2114;2069
2567;4484;2026;2125;2118;2114;2067;3169
2567;4484;2026;2125;2118;2114;2067;2130
2567;4484;2026;2125;2118;2114;2067;2135
2567;4484;2026;2125;2118;2114;2067;6985
2567;4484;2026;2125;2118;2114;2067;2047
2567;4484;2026;2125;2118;2114;2067;2105
2567;4484;2026;2125;2118;2114;2067;2109
2567;4484;2026;2125;2118;2114;2067;6948
