4467;2026;3222;7937;2120;2114;2067
4467;2026;3222;7937;2120;2114;2067
4467;9630;3222;7937;2120;2114;2067
4467;2027;3222;7937;2120;2114;2067
4467;2026;3223;7937;2120;2114;2067
4467;2026;3222;7418;2120;2114;2067
4467;2026;3222;7937;2122;2114;2067
4467;2026;3222;7937;2120;2115;2067
4467;2026;3222;7937;2120;2475;2067
4467;2026;3222;7937;2120;3304;2067
4467;2026;3222;7937;2120;2114;2965
4467;2026;3222;7937;2120;2114;2070
4467;2026;3222;7937;2120;2114;2069
4467;2026;3222;7937;2120;2114;2067;3169
4467;2026;3222;7937;2120;2114;2067;2130
4467;2026;3222;7937;2120;2114;2067;2135
4467;2026;3222;7937;2120;2114;2067;6985
4467;2026;3222;7937;2120;2114;2067;2047
4467;2026;3222;7937;2120;2114;2067;2103
4467;2026;3222;7937;2120;2114;2067;2105
4467;2026;3222;7937;2120;2114;2067;2109
4467;2026;3222;7937;2120;2114;2067;6948
