2014;2454;5835;2026;3222;2125;2118;2114;2067
2014;2957;5835;2026;3222;2125;2118;2114;2067
2014;2454;6712;2026;3222;2125;2118;2114;2067
2014;2957;6712;2026;3222;2125;2118;2114;2067
2454;3445;5835;2026;3222;2125;2118;2114;2067
2957;3445;5835;2026;3222;2125;2118;2114;2067
2454;3445;6712;2026;3222;2125;2118;2114;2067
2957;3445;6712;2026;3222;2125;2118;2114;2067
2014;2454;5835;2026;3222;2125;2118;2114;2067
2014;2454;5835;9630;3222;2125;2118;2114;2067
2014;2454;5835;2027;3222;2125;2118;2114;2067
2014;2454;5835;2026;3223;2125;2118;2114;2067
2014;2454;5835;2026;3222;2124;2118;2114;2067
2014;2454;5835;2026;3222;2126;2118;2114;2067
2014;2454;5835;2026;3222;2128;2118;2114;2067
2014;2454;5835;2026;3222;6873;2118;2114;2067
2014;2454;5835;2026;3222;2125;2120;2114;2067
2014;2454;5835;2026;3222;2125;2122;2114;2067
2014;2454;5835;2026;3222;2125;2118;2115;2067
2014;2454;5835;2026;3222;2125;2118;8565;2067
2014;2454;5835;2026;3222;2125;2118;2475;2067
2014;2454;5835;2026;3222;2125;2118;3304;2067
2014;2454;5835;2026;3222;2125;2118;2114;2965
2014;2454;5835;2026;3222;2125;2118;2114;2070
2014;2454;5835;2026;3222;2125;2118;2114;2069
2014;2454;5835;2026;3222;2125;2118;2114;2067;3169
2014;2454;5835;2026;3222;2125;2118;2114;2067;2130
2014;2454;5835;2026;3222;2125;2118;2114;2067;2135
2014;2454;5835;2026;3222;2125;2118;2114;2067;6985
2014;2454;5835;2026;3222;2125;2118;2114;2067;2047
2014;2454;5835;2026;3222;2125;2118;2114;2067;2103
2014;2454;5835;2026;3222;2125;2118;2114;2067;2105
2014;2454;5835;2026;3222;2125;2118;2114;2067;2109
2014;2454;5835;2026;3222;2125;2118;2114;2067;6948
