3683;3723;6224;6237;2046;3189;2051;2056
3683;3723;6224;6240;2046;3189;2051;2056
3683;3723;6224;6243;2046;3189;2051;2056
3683;3723;6224;6245;2046;3189;2051;2056
3683;3723;6237;6261;2046;3189;2051;2056
3683;3723;6240;6261;2046;3189;2051;2056
3683;3723;6243;6261;2046;3189;2051;2056
3683;3723;6245;6261;2046;3189;2051;2056
3683;3724;6224;6237;2046;3189;2051;2056
3683;3724;6224;6240;2046;3189;2051;2056
3683;3724;6224;6243;2046;3189;2051;2056
3683;3724;6224;6245;2046;3189;2051;2056
3683;3724;6237;6261;2046;3189;2051;2056
3683;3724;6240;6261;2046;3189;2051;2056
3683;3724;6243;6261;2046;3189;2051;2056
3683;3724;6245;6261;2046;3189;2051;2056
3683;3725;6224;6237;2046;3189;2051;2056
3683;3725;6224;6240;2046;3189;2051;2056
3683;3725;6224;6243;2046;3189;2051;2056
3683;3725;6224;6245;2046;3189;2051;2056
3683;3725;6237;6261;2046;3189;2051;2056
3683;3725;6240;6261;2046;3189;2051;2056
3683;3725;6243;6261;2046;3189;2051;2056
3683;3725;6245;6261;2046;3189;2051;2056
3683;3723;6224;6237;2046;3189;2051;2056
3683;3723;6224;6237;2758;3189;2051;2056
3683;3723;6224;6237;2048;3189;2051;2056
3683;3723;6224;6237;2046;6897;2051;2056
3683;3723;6224;6237;2046;6898;2051;2056
3683;3723;6224;6237;2046;6900;2051;2056
3683;3723;6224;6237;2046;3189;2444;2056
3683;3723;6224;6237;2046;3189;2478;2056
3683;3723;6224;6237;2046;3189;2051;6901
3683;3723;6224;6237;2046;3189;2051;6902
3683;3723;6224;6237;2046;3189;2051;2056;6921
3683;3723;6224;6237;2046;3189;2051;2056;6923
3683;3723;6224;6237;2046;3189;2051;2056;6916
3683;3723;6224;6237;2046;3189;2051;2056;2050
3683;3723;6224;6237;2046;3189;2051;2056;2040
3683;3723;6224;6237;2046;3189;2051;2056;6903
3683;3723;6224;6237;2046;3189;2051;2056;6909
3683;3723;6224;6237;2046;3189;2051;2056;6911
3683;3723;6224;6237;2046;3189;2051;2056;6913
