3063;3712;5526;6222;6248;2046;3189;2051;2056
3073;3712;5520;6222;6237;2046;3189;2051;2056
3073;3712;5526;6222;6250;2046;3189;2051;2056
3063;3715;5526;6222;6248;2046;3189;2051;2056
3063;3715;5526;6222;6250;2046;3189;2051;2056
3063;3716;5520;6222;6234;2046;3189;2051;2056
3063;3716;5520;6222;6237;2046;3189;2051;2056
3063;3716;5526;6222;6248;2046;3189;2051;2056
3063;3716;5526;6222;6250;2046;3189;2051;2056
3073;3716;5520;6222;6234;2046;3189;2051;2056
3073;3716;5520;6222;6237;2046;3189;2051;2056
3073;3716;5526;6222;6250;2046;3189;2051;2056
3063;5520;5859;6222;6234;2046;3189;2051;2056
3063;5526;5859;6222;6248;2046;3189;2051;2056
3063;5526;5859;6222;6247;2046;3189;2051;2056
3063;3715;5526;6222;6247;2046;3189;2051;2056
3063;3716;5526;6222;6247;2046;3189;2051;2056
3063;3715;5520;6222;6234;2046;3189;2051;2056
3063;3715;6222;6234;6247;2046;3189;2051;2056
3063;3716;6222;6234;6247;2046;3189;2051;2056
3063;3712;5526;6222;6250;2046;3189;2051;2056
3063;3712;5526;6222;6248;2046;3189;2051;2056
3063;3712;5526;6222;6248;2758;3189;2051;2056
3063;3712;5526;6222;6248;2048;3189;2051;2056
3063;3712;5526;6222;6248;2046;6897;2051;2056
3063;3712;5526;6222;6248;2046;6898;2051;2056
3063;3712;5526;6222;6248;2046;6900;2051;2056
3063;3712;5526;6222;6248;2046;3189;2444;2056
3063;3712;5526;6222;6248;2046;3189;2478;2056
3063;3712;5526;6222;6248;2046;3189;2051;6901
3063;3712;5526;6222;6248;2046;3189;2051;6902
3063;3712;5526;6222;6248;2046;3189;2051;2056;6921
3063;3712;5526;6222;6248;2046;3189;2051;2056;6923
3063;3712;5526;6222;6248;2046;3189;2051;2056;6916
3063;3712;5526;6222;6248;2046;3189;2051;2056;2050
3063;3712;5526;6222;6248;2046;3189;2051;2056;2040
3063;3712;5526;6222;6248;2046;3189;2051;2056;6903
3063;3712;5526;6222;6248;2046;3189;2051;2056;6909
