3070;3713;6222;6234;2046;3189;2051;2056
3070;3713;6222;6237;2046;3189;2051;2056
3070;3713;6222;6240;2046;3189;2051;2056
3070;3713;6234;6265;2046;3189;2051;2056
3070;3713;6237;6265;2046;3189;2051;2056
3070;3716;6234;6265;2046;3189;2051;2056
3070;3716;6237;6265;2046;3189;2051;2056
3070;3716;6240;6265;2046;3189;2051;2056
3070;3716;6222;6234;2046;3189;2051;2056
3070;3716;6222;6237;2046;3189;2051;2056
3070;3713;6240;6265;2046;3189;2051;2056
3070;3713;6222;6234;2046;3189;2051;2056
3070;3713;6222;6234;2758;3189;2051;2056
3070;3713;6222;6234;2048;3189;2051;2056
3070;3713;6222;6234;2046;6897;2051;2056
3070;3713;6222;6234;2046;6898;2051;2056
3070;3713;6222;6234;2046;6900;2051;2056
3070;3713;6222;6234;2046;3189;2444;2056
3070;3713;6222;6234;2046;3189;2478;2056
3070;3713;6222;6234;2046;3189;2051;6901
3070;3713;6222;6234;2046;3189;2051;6902
3070;3713;6222;6234;2046;3189;2051;2056;6921
3070;3713;6222;6234;2046;3189;2051;2056;6923
3070;3713;6222;6234;2046;3189;2051;2056;6916
3070;3713;6222;6234;2046;3189;2051;2056;2050
3070;3713;6222;6234;2046;3189;2051;2056;2040
3070;3713;6222;6234;2046;3189;2051;2056;6903
3070;3713;6222;6234;2046;3189;2051;2056;6909
