3728;4053;4109;4111;6240;6261;2046;3189;2051;2056
3728;4053;4109;4111;6243;6261;2046;3189;2051;2056
3728;4053;4109;4111;6245;6261;2046;3189;2051;2056
3728;4053;4109;4111;6246;6261;2046;3189;2051;2056
3728;4082;4109;4111;6243;6261;2046;3189;2051;2056
3728;4082;4109;4111;6245;6261;2046;3189;2051;2056
3728;4082;4109;4111;6246;6261;2046;3189;2051;2056
3728;4083;4109;4111;6240;6261;2046;3189;2051;2056
3728;4083;4109;4111;6243;6261;2046;3189;2051;2056
3728;4083;4109;4111;6245;6261;2046;3189;2051;2056
3728;4083;4109;4111;6246;6261;2046;3189;2051;2056
3730;4082;4109;4111;6243;6261;2046;3189;2051;2056
3730;4082;4109;4111;6245;6261;2046;3189;2051;2056
3730;4082;4109;4111;6246;6261;2046;3189;2051;2056
3730;4083;4109;4111;6243;6261;2046;3189;2051;2056
3730;4083;4109;4111;6245;6261;2046;3189;2051;2056
3730;4083;4109;4111;6246;6261;2046;3189;2051;2056
3732;4053;4109;4111;6240;6261;2046;3189;2051;2056
3732;4053;4109;4111;6243;6261;2046;3189;2051;2056
3732;4053;4109;4111;6245;6261;2046;3189;2051;2056
3732;4053;4109;4111;6246;6261;2046;3189;2051;2056
3732;4083;4109;4111;6240;6261;2046;3189;2051;2056
3732;4083;4109;4111;6243;6261;2046;3189;2051;2056
3732;4083;4109;4111;6245;6261;2046;3189;2051;2056
3732;4083;4109;4111;6246;6261;2046;3189;2051;2056
3732;4082;4109;4111;6240;6261;2046;3189;2051;2056
3730;4053;4109;4111;6243;6261;2046;3189;2051;2056
3730;4082;4109;4111;6240;6261;2046;3189;2051;2056
3728;4082;4109;4111;6240;6261;2046;3189;2051;2056
3728;4053;4109;4111;6240;6261;2046;3189;2051;2056
3728;4053;4109;4111;6240;6261;2758;3189;2051;2056
3728;4053;4109;4111;6240;6261;2048;3189;2051;2056
3728;4053;4109;4111;6240;6261;2046;6897;2051;2056
3728;4053;4109;4111;6240;6261;2046;6898;2051;2056
3728;4053;4109;4111;6240;6261;2046;6900;2051;2056
3728;4053;4109;4111;6240;6261;2046;3189;2444;2056
3728;4053;4109;4111;6240;6261;2046;3189;2478;2056
3728;4053;4109;4111;6240;6261;2046;3189;2051;6901
3728;4053;4109;4111;6240;6261;2046;3189;2051;6902
3728;4053;4109;4111;6240;6261;2046;3189;2051;2056;6921
3728;4053;4109;4111;6240;6261;2046;3189;2051;2056;6923
3728;4053;4109;4111;6240;6261;2046;3189;2051;2056;6916
3728;4053;4109;4111;6240;6261;2046;3189;2051;2056;2050
3728;4053;4109;4111;6240;6261;2046;3189;2051;2056;2040
3728;4053;4109;4111;6240;6261;2046;3189;2051;2056;6903
3728;4053;4109;4111;6240;6261;2046;3189;2051;2056;6909
3728;4053;4109;4111;6240;6261;2046;3189;2051;2056;6911
3728;4053;4109;4111;6240;6261;2046;3189;2051;2056;6913
