3051;3717;5520;6224;6243;2046;3189;2051;2056
3051;3717;5526;6224;6256;2046;3189;2051;2056
3051;3717;6224;6240;6256;2046;3189;2051;2056
3051;3717;5526;6256;6261;2046;3189;2051;2056
3050;3722;5520;6224;6237;2046;3189;2051;2056
3050;3722;5520;6224;6240;2046;3189;2051;2056
3050;3722;5520;6224;6243;2046;3189;2051;2056
3050;3722;5520;6224;6245;2046;3189;2051;2056
3050;3722;5526;6224;6254;2046;3189;2051;2056
3050;3722;5526;6224;6256;2046;3189;2051;2056
3050;3722;5526;6224;6257;2046;3189;2051;2056
3050;3722;5520;6237;6265;2046;3189;2051;2056
3050;3722;5520;6240;6265;2046;3189;2051;2056
3050;3722;5520;6243;6265;2046;3189;2051;2056
3050;3722;5526;6254;6265;2046;3189;2051;2056
3050;3722;5526;6256;6265;2046;3189;2051;2056
3051;3729;5520;6224;6237;2046;3189;2051;2056
3051;3729;5520;6224;6240;2046;3189;2051;2056
3051;3729;5520;6224;6243;2046;3189;2051;2056
3051;3729;5526;6224;6256;2046;3189;2051;2056
3051;3729;6224;6237;6256;2046;3189;2051;2056
3051;3729;5526;6256;6261;2046;3189;2051;2056
3051;3729;6240;6256;6261;2046;3189;2051;2056
3051;3729;5520;6237;6265;2046;3189;2051;2056
3051;3729;5520;6240;6265;2046;3189;2051;2056
3051;3729;5520;6243;6265;2046;3189;2051;2056
3051;3729;5526;6256;6265;2046;3189;2051;2056
3289;3729;5526;6256;6265;2046;3189;2051;2056
3050;3731;5526;6224;6254;2046;3189;2051;2056
3050;3731;5526;6224;6256;2046;3189;2051;2056
3050;3731;5522;5526;6265;2046;3189;2051;2056
3050;3731;5526;6254;6265;2046;3189;2051;2056
3050;3731;5526;6256;6265;2046;3189;2051;2056
3050;3731;5520;6224;6240;2046;3189;2051;2056
3051;3729;6224;6240;6256;2046;3189;2051;2056
3051;3717;5526;6256;6265;2046;3189;2051;2056
3051;3729;5526;6257;6265;2046;3189;2051;2056
3050;3717;5526;6224;6256;2046;3189;2051;2056
3289;3722;5526;6254;6265;2046;3189;2051;2056
3289;3722;5526;6224;6254;2046;3189;2051;2056
3289;3717;5526;6224;6254;2046;3189;2051;2056
3051;3717;5520;6224;6243;2046;3189;2051;2056
3051;3717;5520;6224;6243;2758;3189;2051;2056
3051;3717;5520;6224;6243;2048;3189;2051;2056
3051;3717;5520;6224;6243;2046;6897;2051;2056
3051;3717;5520;6224;6243;2046;6898;2051;2056
3051;3717;5520;6224;6243;2046;6900;2051;2056
3051;3717;5520;6224;6243;2046;3189;2444;2056
3051;3717;5520;6224;6243;2046;3189;2478;2056
3051;3717;5520;6224;6243;2046;3189;2051;6901
3051;3717;5520;6224;6243;2046;3189;2051;6902
3051;3717;5520;6224;6243;2046;3189;2051;2056;6921
3051;3717;5520;6224;6243;2046;3189;2051;2056;6923
3051;3717;5520;6224;6243;2046;3189;2051;2056;6916
3051;3717;5520;6224;6243;2046;3189;2051;2056;2050
3051;3717;5520;6224;6243;2046;3189;2051;2056;2040
3051;3717;5520;6224;6243;2046;3189;2051;2056;6903
3051;3717;5520;6224;6243;2046;3189;2051;2056;6909
