3079;3735;5520;6224;6237;2046;3189;2051;2056
3079;3735;5520;6224;6240;2046;3189;2051;2056
3079;3735;5526;6224;6254;2046;3189;2051;2056
3079;3735;5526;6254;6265;2046;3189;2051;2056
3079;3736;5520;6224;6240;2046;3189;2051;2056
3079;3736;5526;6224;6254;2046;3189;2051;2056
3079;3736;6224;6237;6254;2046;3189;2051;2056
3079;3736;5526;6224;6257;2046;3189;2051;2056
3079;3736;5526;6224;6258;2046;3189;2051;2056
3079;3736;5526;6257;6265;2046;3189;2051;2056
3079;3736;5526;6254;6265;2046;3189;2051;2056
3079;3735;5520;6237;6265;2046;3189;2051;2056
3079;3718;5526;6254;6265;2046;3189;2051;2056
3079;3736;5520;6224;6237;2046;3189;2051;2056
3079;3718;5520;6224;6237;2046;3189;2051;2056
3079;3718;5520;5526;6224;2046;3189;2051;2056
3079;3735;5520;6224;6237;2046;3189;2051;2056
3079;3735;5520;6224;6237;2758;3189;2051;2056
3079;3735;5520;6224;6237;2048;3189;2051;2056
3079;3735;5520;6224;6237;2046;6897;2051;2056
3079;3735;5520;6224;6237;2046;6898;2051;2056
3079;3735;5520;6224;6237;2046;6900;2051;2056
3079;3735;5520;6224;6237;2046;3189;2444;2056
3079;3735;5520;6224;6237;2046;3189;2478;2056
3079;3735;5520;6224;6237;2046;3189;2051;6901
3079;3735;5520;6224;6237;2046;3189;2051;6902
3079;3735;5520;6224;6237;2046;3189;2051;2056;6921
3079;3735;5520;6224;6237;2046;3189;2051;2056;6923
3079;3735;5520;6224;6237;2046;3189;2051;2056;6916
3079;3735;5520;6224;6237;2046;3189;2051;2056;2050
3079;3735;5520;6224;6237;2046;3189;2051;2056;2040
3079;3735;5520;6224;6237;2046;3189;2051;2056;6903
3079;3735;5520;6224;6237;2046;3189;2051;2056;6909
