3289;3718;5526;6222;6256;2046;3189;2051;2056
3289;3718;5520;6224;6237;2046;3189;2051;2056
3289;3718;5520;6224;6239;2046;3189;2051;2056
3289;3718;5520;6224;6240;2046;3189;2051;2056
3289;3718;5520;6224;6243;2046;3189;2051;2056
3289;3718;5526;6224;6254;2046;3189;2051;2056
3289;3718;5526;6224;6256;2046;3189;2051;2056
3289;3718;6224;6237;6256;2046;3189;2051;2056
3289;3718;5526;6224;6257;2046;3189;2051;2056
3289;3718;5520;6243;6261;2046;3189;2051;2056
3289;3718;5526;6256;6261;2046;3189;2051;2056
3289;3718;6237;6256;6261;2046;3189;2051;2056
3289;3718;5522;5526;6265;2046;3189;2051;2056
3289;3718;5520;6237;6265;2046;3189;2051;2056
3289;3718;5520;6239;6265;2046;3189;2051;2056
3289;3718;5520;6240;6265;2046;3189;2051;2056
3289;3718;5520;6243;6265;2046;3189;2051;2056
3289;3718;5526;6249;6265;2046;3189;2051;2056
3289;3718;5526;6251;6265;2046;3189;2051;2056
3289;3718;5526;6254;6265;2046;3189;2051;2056
3289;3718;5526;6256;6265;2046;3189;2051;2056
3289;3718;5526;6257;6265;2046;3189;2051;2056
3289;3718;5526;6256;6266;2046;3189;2051;2056
3289;3718;5526;6256;6267;2046;3189;2051;2056
3289;3718;6240;6256;6267;2046;3189;2051;2056
3289;3718;5526;6256;6269;2046;3189;2051;2056
3289;3726;5526;6222;6248;2046;3189;2051;2056
3289;3726;5526;6222;6254;2046;3189;2051;2056
3289;3726;5522;5526;6224;2046;3189;2051;2056
3289;3726;5522;6224;6236;2046;3189;2051;2056
3289;3726;5520;6224;6236;2046;3189;2051;2056
3289;3726;5520;6224;6237;2046;3189;2051;2056
3289;3726;5520;6224;6239;2046;3189;2051;2056
3289;3726;5520;6224;6240;2046;3189;2051;2056
3289;3726;5520;6224;6242;2046;3189;2051;2056
3289;3726;5520;6224;6243;2046;3189;2051;2056
3289;3726;5526;6224;6254;2046;3189;2051;2056
3289;3726;6224;6236;6254;2046;3189;2051;2056
3289;3726;6224;6240;6254;2046;3189;2051;2056
3289;3726;5526;6224;6256;2046;3189;2051;2056
3289;3726;5526;6224;6257;2046;3189;2051;2056
3289;3726;6224;6237;6257;2046;3189;2051;2056
3289;3726;5520;6239;6261;2046;3189;2051;2056
3289;3726;5520;6240;6261;2046;3189;2051;2056
3289;3726;5520;6243;6261;2046;3189;2051;2056
3289;3726;5526;6254;6261;2046;3189;2051;2056
3289;3726;6239;6254;6261;2046;3189;2051;2056
3289;3726;6243;6254;6261;2046;3189;2051;2056
3289;3726;5522;5526;6265;2046;3189;2051;2056
3289;3726;5520;6234;6265;2046;3189;2051;2056
3289;3726;5520;6236;6265;2046;3189;2051;2056
3289;3726;5520;6237;6265;2046;3189;2051;2056
3289;3726;5520;6239;6265;2046;3189;2051;2056
3289;3726;5520;6240;6265;2046;3189;2051;2056
3289;3726;5520;6243;6265;2046;3189;2051;2056
3289;3726;5526;6247;6265;2046;3189;2051;2056
3289;3726;5526;6248;6265;2046;3189;2051;2056
3289;3726;5526;6249;6265;2046;3189;2051;2056
3289;3726;5526;6250;6265;2046;3189;2051;2056
3289;3726;5526;6251;6265;2046;3189;2051;2056
3289;3726;5526;6253;6265;2046;3189;2051;2056
3289;3726;5526;6254;6265;2046;3189;2051;2056
3289;3726;6234;6254;6265;2046;3189;2051;2056
3289;3726;6236;6254;6265;2046;3189;2051;2056
3289;3726;6237;6254;6265;2046;3189;2051;2056
3289;3726;5526;6256;6265;2046;3189;2051;2056
3289;3726;5526;6257;6265;2046;3189;2051;2056
3289;3726;5526;6254;6267;2046;3189;2051;2056
3289;3726;5520;6237;6269;2046;3189;2051;2056
3289;3726;5520;6240;6269;2046;3189;2051;2056
3289;3726;5526;6253;6269;2046;3189;2051;2056
3289;3726;5526;6254;6269;2046;3189;2051;2056
3289;3730;5520;6222;6237;2046;3189;2051;2056
3289;3730;5526;6222;6254;2046;3189;2051;2056
3289;3730;5520;6224;6237;2046;3189;2051;2056
3289;3730;5520;6224;6239;2046;3189;2051;2056
3289;3730;5520;6224;6240;2046;3189;2051;2056
3289;3730;5520;6224;6243;2046;3189;2051;2056
3289;3730;5526;6224;6254;2046;3189;2051;2056
3289;3730;6224;6237;6254;2046;3189;2051;2056
3289;3730;5526;6224;6256;2046;3189;2051;2056
3289;3730;5526;6224;6257;2046;3189;2051;2056
3289;3730;5520;6237;6261;2046;3189;2051;2056
3289;3730;5520;6240;6261;2046;3189;2051;2056
3289;3730;5520;6243;6261;2046;3189;2051;2056
3289;3730;5522;5526;6265;2046;3189;2051;2056
3289;3730;5520;6236;6265;2046;3189;2051;2056
3289;3730;5520;6237;6265;2046;3189;2051;2056
3289;3730;5520;6239;6265;2046;3189;2051;2056
3289;3730;5520;6240;6265;2046;3189;2051;2056
3289;3730;5520;6243;6265;2046;3189;2051;2056
3289;3730;5526;6248;6265;2046;3189;2051;2056
3289;3730;5526;6253;6265;2046;3189;2051;2056
3289;3730;5526;6254;6265;2046;3189;2051;2056
3289;3730;6237;6254;6265;2046;3189;2051;2056
3289;3730;5526;6256;6265;2046;3189;2051;2056
3289;3730;5526;6257;6265;2046;3189;2051;2056
3289;3730;5520;6240;6266;2046;3189;2051;2056
3289;3730;6236;6254;6266;2046;3189;2051;2056
3289;3730;5520;6236;6267;2046;3189;2051;2056
3289;3730;5526;6254;6267;2046;3189;2051;2056
3289;3730;5520;6239;6269;2046;3189;2051;2056
3289;3730;5526;6254;6269;2046;3189;2051;2056
3289;3733;5522;5526;6222;2046;3189;2051;2056
3289;3733;5520;6222;6234;2046;3189;2051;2056
3289;3733;5526;6222;6247;2046;3189;2051;2056
3289;3733;5526;6222;6248;2046;3189;2051;2056
3289;3733;5526;6222;6250;2046;3189;2051;2056
3289;3733;5526;6222;6251;2046;3189;2051;2056
3289;3733;5522;5526;6224;2046;3189;2051;2056
3289;3733;5522;6224;6236;2046;3189;2051;2056
3289;3733;5522;6224;6237;2046;3189;2051;2056
3289;3733;5522;6224;6239;2046;3189;2051;2056
3289;3733;5522;6224;6240;2046;3189;2051;2056
3289;3733;5520;6224;6236;2046;3189;2051;2056
3289;3733;5520;6224;6237;2046;3189;2051;2056
3289;3733;5520;6224;6238;2046;3189;2051;2056
3289;3733;5520;6224;6239;2046;3189;2051;2056
3289;3733;5520;6224;6240;2046;3189;2051;2056
3289;3733;5520;6224;6243;2046;3189;2051;2056
3289;3733;5526;6224;6254;2046;3189;2051;2056
3289;3733;6224;6238;6254;2046;3189;2051;2056
3289;3733;5526;6224;6255;2046;3189;2051;2056
3289;3733;5526;6224;6256;2046;3189;2051;2056
3289;3733;5526;6224;6257;2046;3189;2051;2056
3289;3733;6224;6240;6257;2046;3189;2051;2056
3289;3733;5522;5526;6261;2046;3189;2051;2056
3289;3733;5522;6237;6261;2046;3189;2051;2056
3289;3733;5520;6239;6261;2046;3189;2051;2056
3289;3733;5520;6240;6261;2046;3189;2051;2056
3289;3733;5520;6242;6261;2046;3189;2051;2056
3289;3733;5526;6254;6261;2046;3189;2051;2056
3289;3733;6240;6254;6261;2046;3189;2051;2056
3289;3733;5526;6256;6261;2046;3189;2051;2056
3289;3733;5522;5526;6265;2046;3189;2051;2056
3289;3733;5522;6234;6265;2046;3189;2051;2056
3289;3733;5522;6237;6265;2046;3189;2051;2056
3289;3733;5522;6239;6265;2046;3189;2051;2056
3289;3733;5522;6240;6265;2046;3189;2051;2056
3289;3733;5520;6234;6265;2046;3189;2051;2056
3289;3733;5520;6236;6265;2046;3189;2051;2056
3289;3733;5520;6237;6265;2046;3189;2051;2056
3289;3733;5520;6239;6265;2046;3189;2051;2056
3289;3733;5520;6240;6265;2046;3189;2051;2056
3289;3733;5520;6243;6265;2046;3189;2051;2056
3289;3733;5526;6248;6265;2046;3189;2051;2056
3289;3733;5526;6249;6265;2046;3189;2051;2056
3289;3733;5526;6250;6265;2046;3189;2051;2056
3289;3733;5526;6251;6265;2046;3189;2051;2056
3289;3733;5526;6253;6265;2046;3189;2051;2056
3289;3733;5526;6254;6265;2046;3189;2051;2056
3289;3733;6236;6254;6265;2046;3189;2051;2056
3289;3733;6240;6254;6265;2046;3189;2051;2056
3289;3733;5526;6255;6265;2046;3189;2051;2056
3289;3733;5526;6256;6265;2046;3189;2051;2056
3289;3733;5526;6257;6265;2046;3189;2051;2056
3289;3733;5520;6239;6266;2046;3189;2051;2056
3289;3733;5520;6240;6266;2046;3189;2051;2056
3289;3733;5522;5526;6267;2046;3189;2051;2056
3289;3733;5522;6234;6267;2046;3189;2051;2056
3289;3733;5526;6253;6267;2046;3189;2051;2056
3289;3733;5526;6254;6267;2046;3189;2051;2056
3289;3733;5522;5526;6269;2046;3189;2051;2056
3289;3733;5520;6236;6269;2046;3189;2051;2056
3289;3733;5520;6237;6269;2046;3189;2051;2056
3289;3733;5520;6240;6269;2046;3189;2051;2056
3289;3733;5526;6257;6269;2046;3189;2051;2056
3289;3718;5520;6242;6265;2046;3189;2051;2056
3289;3730;5526;6254;6261;2046;3189;2051;2056
3289;3733;5520;6238;6265;2046;3189;2051;2056
3289;3726;5526;6252;6265;2046;3189;2051;2056
3289;3726;5522;5526;6269;2046;3189;2051;2056
3289;3730;5520;6237;6269;2046;3189;2051;2056
3289;3726;5520;6236;6270;2046;3189;2051;2056
3289;3733;6236;6253;6261;2046;3189;2051;2056
3289;3730;5520;6243;6267;2046;3189;2051;2056
3289;3733;5522;6222;6236;2046;3189;2051;2056
3289;3726;5520;6237;6261;2046;3189;2051;2056
3289;3730;5526;6224;6259;2046;3189;2051;2056
3289;3730;5520;6224;6241;2046;3189;2051;2056
3289;3730;5522;5526;6224;2046;3189;2051;2056
3289;3726;6237;6254;6261;2046;3189;2051;2056
3289;3718;6224;6240;6256;2046;3189;2051;2056
3289;3726;5520;6224;6234;2046;3189;2051;2056
3289;3726;5520;6241;6265;2046;3189;2051;2056
3289;3718;6237;6256;6265;2046;3189;2051;2056
3289;3726;6237;6254;6267;2046;3189;2051;2056
3289;3726;5526;6222;6257;2046;3189;2051;2056
3289;3726;5522;5526;6222;2046;3189;2051;2056
3289;3733;6237;6254;6265;2046;3189;2051;2056
3289;3726;6224;6239;6252;2046;3189;2051;2056
3289;3733;5526;6224;6253;2046;3189;2051;2056
3289;3733;6234;6250;6265;2046;3189;2051;2056
3289;3733;6240;6253;6265;2046;3189;2051;2056
3289;3733;6236;6250;6265;2046;3189;2051;2056
3289;3730;6240;6256;6265;2046;3189;2051;2056
3289;3730;6243;6256;6265;2046;3189;2051;2056
3289;3733;6241;6253;6265;2046;3189;2051;2056
3289;3733;5520;6241;6265;2046;3189;2051;2056
3289;3733;5526;6222;6254;2046;3189;2051;2056
3289;3733;5526;6222;6253;2046;3189;2051;2056
3289;3726;6240;6253;6267;2046;3189;2051;2056
3289;3726;6224;6240;6253;2046;3189;2051;2056
3289;3733;5520;5526;6222;2046;3189;2051;2056
3289;3730;6236;6254;6265;2046;3189;2051;2056
3289;3733;5520;6243;6261;2046;3189;2051;2056
3289;3718;5520;5526;6222;2046;3189;2051;2056
3289;3733;5526;6224;6250;2046;3189;2051;2056
3289;3733;5526;6224;6251;2046;3189;2051;2056
3289;3726;6222;6237;6254;2046;3189;2051;2056
3289;3718;5526;6222;6256;2046;3189;2051;2056
3289;3718;5526;6222;6256;2758;3189;2051;2056
3289;3718;5526;6222;6256;2048;3189;2051;2056
3289;3718;5526;6222;6256;2046;6897;2051;2056
3289;3718;5526;6222;6256;2046;6898;2051;2056
3289;3718;5526;6222;6256;2046;6900;2051;2056
3289;3718;5526;6222;6256;2046;3189;2444;2056
3289;3718;5526;6222;6256;2046;3189;2478;2056
3289;3718;5526;6222;6256;2046;3189;2051;6901
3289;3718;5526;6222;6256;2046;3189;2051;6902
3289;3718;5526;6222;6256;2046;3189;2051;2056;6921
3289;3718;5526;6222;6256;2046;3189;2051;2056;6923
3289;3718;5526;6222;6256;2046;3189;2051;2056;6916
3289;3718;5526;6222;6256;2046;3189;2051;2056;2050
3289;3718;5526;6222;6256;2046;3189;2051;2056;2040
3289;3718;5526;6222;6256;2046;3189;2051;2056;6903
3289;3718;5526;6222;6256;2046;3189;2051;2056;6909
