2014;2452;3084;2125;2118;2114;2026;3222;2067
2014;2815;3084;2125;2118;2114;2026;3222;2067
2014;2454;3084;2125;2118;2114;2026;3222;2067
2014;2452;2567;2125;2118;2114;2026;3222;2067
2014;2454;2567;2125;2118;2114;2026;3222;2067
2014;2567;2815;2125;2118;2114;2026;3222;2067
2014;2452;3084;2125;2118;2114;2026;3222;2067
2014;2452;3084;2126;2118;2114;2026;3222;2067
2014;2452;3084;2128;2118;2114;2026;3222;2067
2014;2452;3084;6873;2118;2114;2026;3222;2067
2014;2452;3084;2124;2118;2114;2026;3222;2067
2014;2452;3084;2125;2120;2114;2026;3222;2067
2014;2452;3084;2125;2122;2114;2026;3222;2067
2014;2452;3084;2125;2118;2115;2026;3222;2067
2014;2452;3084;2125;2118;8565;2026;3222;2067
2014;2452;3084;2125;2118;2475;2026;3222;2067
2014;2452;3084;2125;2118;3304;2026;3222;2067
2014;2452;3084;2125;2118;2114;9630;3222;2067
2014;2452;3084;2125;2118;2114;2027;3222;2067
2014;2452;3084;2125;2118;2114;2026;3223;2067
2014;2452;3084;2125;2118;2114;2026;3222;2965
2014;2452;3084;2125;2118;2114;2026;3222;2070
2014;2452;3084;2125;2118;2114;2026;3222;2069
2014;2452;3084;2125;2118;2114;2026;3222;2067;3169
2014;2452;3084;2125;2118;2114;2026;3222;2067;2130
2014;2452;3084;2125;2118;2114;2026;3222;2067;2135
2014;2452;3084;2125;2118;2114;2026;3222;2067;6985
2014;2452;3084;2125;2118;2114;2026;3222;2067;2047
2014;2452;3084;2125;2118;2114;2026;3222;2067;2103
2014;2452;3084;2125;2118;2114;2026;3222;2067;2105
2014;2452;3084;2125;2118;2114;2026;3222;2067;2109
2014;2452;3084;2125;2118;2114;2026;3222;2067;6948
