2014;3084;4067;2125;2118;2026;2114;3222;2067
3084;3445;4067;2125;2118;2026;2114;3222;2067
2014;3084;4068;2125;2118;2026;2114;3222;2067
3084;3445;4068;2125;2118;2026;2114;3222;2067
2014;3084;4569;2125;2118;2026;2114;3222;2067
3084;3445;4569;2125;2118;2026;2114;3222;2067
2014;3084;4066;2125;2118;2026;2114;3222;2067
2014;3084;4484;2125;2118;2026;2114;3222;2067
2014;3084;5220;2125;2118;2026;2114;3222;2067
3084;3445;4066;2125;2118;2026;2114;3222;2067
3084;3445;4484;2125;2118;2026;2114;3222;2067
3084;3445;5220;2125;2118;2026;2114;3222;2067
2014;2567;4066;2125;2118;2026;2114;3222;2067
2567;3445;4066;2125;2118;2026;2114;3222;2067
2014;2567;4067;2125;2118;2026;2114;3222;2067
2567;3445;4067;2125;2118;2026;2114;3222;2067
2014;2567;4068;2125;2118;2026;2114;3222;2067
2567;3445;4068;2125;2118;2026;2114;3222;2067
2014;2567;4484;2125;2118;2026;2114;3222;2067
2567;3445;4484;2125;2118;2026;2114;3222;2067
2014;2567;4569;2125;2118;2026;2114;3222;2067
2567;3445;4569;2125;2118;2026;2114;3222;2067
2014;2567;5220;2125;2118;2026;2114;3222;2067
2567;3445;5220;2125;2118;2026;2114;3222;2067
2567;3950;4066;2125;2118;2026;2114;3222;2067
3084;3950;4066;2125;2118;2026;2114;3222;2067
2567;3950;4067;2125;2118;2026;2114;3222;2067
3084;3950;4067;2125;2118;2026;2114;3222;2067
2567;3950;4068;2125;2118;2026;2114;3222;2067
3084;3950;4068;2125;2118;2026;2114;3222;2067
2567;3950;5220;2125;2118;2026;2114;3222;2067
3084;3950;5220;2125;2118;2026;2114;3222;2067
2014;2568;4066;2125;2118;2026;2114;3222;2067
2568;3445;4066;2125;2118;2026;2114;3222;2067
2014;2568;4067;2125;2118;2026;2114;3222;2067
2568;3445;4067;2125;2118;2026;2114;3222;2067
2014;2568;4068;2125;2118;2026;2114;3222;2067
2568;3445;4068;2125;2118;2026;2114;3222;2067
2014;2568;4484;2125;2118;2026;2114;3222;2067
2568;3445;4484;2125;2118;2026;2114;3222;2067
2014;2568;4569;2125;2118;2026;2114;3222;2067
2568;3445;4569;2125;2118;2026;2114;3222;2067
2014;2568;5220;2125;2118;2026;2114;3222;2067
2568;3445;5220;2125;2118;2026;2114;3222;2067
2568;3950;4067;2125;2118;2026;2114;3222;2067
2014;3084;4067;2125;2118;2026;2114;3222;2067
2014;3084;4067;2126;2118;2026;2114;3222;2067
2014;3084;4067;2128;2118;2026;2114;3222;2067
2014;3084;4067;6873;2118;2026;2114;3222;2067
2014;3084;4067;2124;2118;2026;2114;3222;2067
2014;3084;4067;2125;2120;2026;2114;3222;2067
2014;3084;4067;2125;2122;2026;2114;3222;2067
2014;3084;4067;2125;2118;9630;2114;3222;2067
2014;3084;4067;2125;2118;2027;2114;3222;2067
2014;3084;4067;2125;2118;2026;2115;3222;2067
2014;3084;4067;2125;2118;2026;8565;3222;2067
2014;3084;4067;2125;2118;2026;2475;3222;2067
2014;3084;4067;2125;2118;2026;3304;3222;2067
2014;3084;4067;2125;2118;2026;2114;3223;2067
2014;3084;4067;2125;2118;2026;2114;3222;2965
2014;3084;4067;2125;2118;2026;2114;3222;2070
2014;3084;4067;2125;2118;2026;2114;3222;2069
2014;3084;4067;2125;2118;2026;2114;3222;2067;3169
2014;3084;4067;2125;2118;2026;2114;3222;2067;2130
2014;3084;4067;2125;2118;2026;2114;3222;2067;2135
2014;3084;4067;2125;2118;2026;2114;3222;2067;6985
2014;3084;4067;2125;2118;2026;2114;3222;2067;2047
2014;3084;4067;2125;2118;2026;2114;3222;2067;2103
2014;3084;4067;2125;2118;2026;2114;3222;2067;2105
2014;3084;4067;2125;2118;2026;2114;3222;2067;2109
2014;3084;4067;2125;2118;2026;2114;3222;2067;6948
