2014;2023;2072;2453;6437;2026;2100;2125;2118;2114;2067
2014;2072;2453;3987;6437;2026;2100;2125;2118;2114;2067
2015;2023;2072;2453;6437;2026;2100;2125;2118;2114;2067
2015;2072;2453;3987;6437;2026;2100;2125;2118;2114;2067
2019;2023;2072;2453;6437;2026;2100;2125;2118;2114;2067
2019;2072;2453;3987;6437;2026;2100;2125;2118;2114;2067
2023;2072;2453;2794;6437;2026;2100;2125;2118;2114;2067
2072;2453;2794;3987;6437;2026;2100;2125;2118;2114;2067
2023;2072;2453;2984;6437;2026;2100;2125;2118;2114;2067
2072;2453;2984;3987;6437;2026;2100;2125;2118;2114;2067
2014;2023;2072;2454;6437;2026;2100;2125;2118;2114;2067
2014;2072;2454;3987;6437;2026;2100;2125;2118;2114;2067
2015;2023;2072;2454;6437;2026;2100;2125;2118;2114;2067
2015;2072;2454;3987;6437;2026;2100;2125;2118;2114;2067
2019;2023;2072;2454;6437;2026;2100;2125;2118;2114;2067
2019;2072;2454;3987;6437;2026;2100;2125;2118;2114;2067
2023;2072;2454;2794;6437;2026;2100;2125;2118;2114;2067
2072;2454;2794;3987;6437;2026;2100;2125;2118;2114;2067
2023;2072;2454;2984;6437;2026;2100;2125;2118;2114;2067
2072;2454;2984;3987;6437;2026;2100;2125;2118;2114;2067
2014;2023;2075;2453;6437;2026;2100;2125;2118;2114;2067
2014;2075;2453;3987;6437;2026;2100;2125;2118;2114;2067
2015;2023;2075;2453;6437;2026;2100;2125;2118;2114;2067
2015;2075;2453;3987;6437;2026;2100;2125;2118;2114;2067
2019;2023;2075;2453;6437;2026;2100;2125;2118;2114;2067
2019;2075;2453;3987;6437;2026;2100;2125;2118;2114;2067
2023;2075;2453;2794;6437;2026;2100;2125;2118;2114;2067
2075;2453;2794;3987;6437;2026;2100;2125;2118;2114;2067
2023;2075;2453;2984;6437;2026;2100;2125;2118;2114;2067
2075;2453;2984;3987;6437;2026;2100;2125;2118;2114;2067
2014;2023;2075;2454;6437;2026;2100;2125;2118;2114;2067
2014;2075;2454;3987;6437;2026;2100;2125;2118;2114;2067
2015;2023;2075;2454;6437;2026;2100;2125;2118;2114;2067
2015;2075;2454;3987;6437;2026;2100;2125;2118;2114;2067
2019;2023;2075;2454;6437;2026;2100;2125;2118;2114;2067
2019;2075;2454;3987;6437;2026;2100;2125;2118;2114;2067
2023;2075;2454;2794;6437;2026;2100;2125;2118;2114;2067
2075;2454;2794;3987;6437;2026;2100;2125;2118;2114;2067
2023;2075;2454;2984;6437;2026;2100;2125;2118;2114;2067
2075;2454;2984;3987;6437;2026;2100;2125;2118;2114;2067
2014;2023;2072;2453;6438;2026;2100;2125;2118;2114;2067
2014;2023;2075;2453;6438;2026;2100;2125;2118;2114;2067
2014;2072;2453;3987;6438;2026;2100;2125;2118;2114;2067
2014;2075;2453;3987;6438;2026;2100;2125;2118;2114;2067
2015;2023;2072;2453;6438;2026;2100;2125;2118;2114;2067
2015;2023;2075;2453;6438;2026;2100;2125;2118;2114;2067
2015;2072;2453;3987;6438;2026;2100;2125;2118;2114;2067
2015;2075;2453;3987;6438;2026;2100;2125;2118;2114;2067
2019;2023;2072;2453;6438;2026;2100;2125;2118;2114;2067
2019;2023;2075;2453;6438;2026;2100;2125;2118;2114;2067
2019;2072;2453;3987;6438;2026;2100;2125;2118;2114;2067
2019;2075;2453;3987;6438;2026;2100;2125;2118;2114;2067
2023;2072;2453;2794;6438;2026;2100;2125;2118;2114;2067
2023;2075;2453;2794;6438;2026;2100;2125;2118;2114;2067
2072;2453;2794;3987;6438;2026;2100;2125;2118;2114;2067
2075;2453;2794;3987;6438;2026;2100;2125;2118;2114;2067
2023;2072;2453;2984;6438;2026;2100;2125;2118;2114;2067
2023;2075;2453;2984;6438;2026;2100;2125;2118;2114;2067
2072;2453;2984;3987;6438;2026;2100;2125;2118;2114;2067
2075;2453;2984;3987;6438;2026;2100;2125;2118;2114;2067
2023;2072;2453;3950;6438;2026;2100;2125;2118;2114;2067
2023;2075;2453;3950;6438;2026;2100;2125;2118;2114;2067
2072;2453;3950;3987;6438;2026;2100;2125;2118;2114;2067
2075;2453;3950;3987;6438;2026;2100;2125;2118;2114;2067
2014;2023;2072;2454;6438;2026;2100;2125;2118;2114;2067
2014;2023;2075;2454;6438;2026;2100;2125;2118;2114;2067
2014;2072;2454;3987;6438;2026;2100;2125;2118;2114;2067
2014;2075;2454;3987;6438;2026;2100;2125;2118;2114;2067
2015;2023;2072;2454;6438;2026;2100;2125;2118;2114;2067
2015;2023;2075;2454;6438;2026;2100;2125;2118;2114;2067
2015;2072;2454;3987;6438;2026;2100;2125;2118;2114;2067
2015;2075;2454;3987;6438;2026;2100;2125;2118;2114;2067
2019;2023;2072;2454;6438;2026;2100;2125;2118;2114;2067
2019;2023;2075;2454;6438;2026;2100;2125;2118;2114;2067
2019;2072;2454;3987;6438;2026;2100;2125;2118;2114;2067
2019;2075;2454;3987;6438;2026;2100;2125;2118;2114;2067
2023;2072;2454;2794;6438;2026;2100;2125;2118;2114;2067
2023;2075;2454;2794;6438;2026;2100;2125;2118;2114;2067
2072;2454;2794;3987;6438;2026;2100;2125;2118;2114;2067
2075;2454;2794;3987;6438;2026;2100;2125;2118;2114;2067
2023;2072;2454;2984;6438;2026;2100;2125;2118;2114;2067
2023;2075;2454;2984;6438;2026;2100;2125;2118;2114;2067
2072;2454;2984;3987;6438;2026;2100;2125;2118;2114;2067
2075;2454;2984;3987;6438;2026;2100;2125;2118;2114;2067
2023;2072;2454;3950;6438;2026;2100;2125;2118;2114;2067
2023;2075;2454;3950;6438;2026;2100;2125;2118;2114;2067
2072;2454;3950;3987;6438;2026;2100;2125;2118;2114;2067
2075;2454;3950;3987;6438;2026;2100;2125;2118;2114;2067
2014;2023;2072;2453;6437;6870;2100;2125;2118;2114;2067
2014;2023;2072;2453;6437;2027;2100;2125;2118;2114;2067
