2567;4068;2125;2118;2114;2026;3222;2067
3084;4068;2125;2118;2114;2026;3222;2067
2567;5032;2125;2118;2114;2026;3222;2067
3084;5032;2125;2118;2114;2026;3222;2067
2567;5835;2125;2118;2114;2026;3222;2067
3084;5835;2125;2118;2114;2026;3222;2067
2567;9446;2125;2118;2114;2026;3222;2067
3084;9446;2125;2118;2114;2026;3222;2067
2567;4068;2125;2118;2114;2026;3222;2067
2567;4068;2126;2118;2114;2026;3222;2067
2567;4068;2128;2118;2114;2026;3222;2067
2567;4068;6873;2118;2114;2026;3222;2067
2567;4068;2124;2118;2114;2026;3222;2067
2567;4068;2125;2120;2114;2026;3222;2067
2567;4068;2125;2122;2114;2026;3222;2067
2567;4068;2125;2118;2115;2026;3222;2067
2567;4068;2125;2118;8565;2026;3222;2067
2567;4068;2125;2118;2475;2026;3222;2067
2567;4068;2125;2118;3304;2026;3222;2067
2567;4068;2125;2118;2114;9630;3222;2067
2567;4068;2125;2118;2114;2027;3222;2067
2567;4068;2125;2118;2114;2026;3223;2067
2567;4068;2125;2118;2114;2026;3222;2965
2567;4068;2125;2118;2114;2026;3222;2070
2567;4068;2125;2118;2114;2026;3222;2069
2567;4068;2125;2118;2114;2026;3222;2067;3169
2567;4068;2125;2118;2114;2026;3222;2067;2130
2567;4068;2125;2118;2114;2026;3222;2067;2135
2567;4068;2125;2118;2114;2026;3222;2067;6985
2567;4068;2125;2118;2114;2026;3222;2067;2047
2567;4068;2125;2118;2114;2026;3222;2067;2103
2567;4068;2125;2118;2114;2026;3222;2067;2105
2567;4068;2125;2118;2114;2026;3222;2067;2109
2567;4068;2125;2118;2114;2026;3222;2067;6948
