2014;2902;3084;4066;2125;2118;2114;2026;3222;2067
2014;2902;3084;4067;2125;2118;2114;2026;3222;2067
2014;2902;3084;4068;2125;2118;2114;2026;3222;2067
2014;2452;3084;4067;2125;2118;2114;2026;3222;2067
2014;2832;3084;4067;2125;2118;2114;2026;3222;2067
2014;2452;3084;4068;2125;2118;2114;2026;3222;2067
2014;2832;3084;4068;2125;2118;2114;2026;3222;2067
2014;2452;3084;4066;2125;2118;2114;2026;3222;2067
2014;2832;3084;4066;2125;2118;2114;2026;3222;2067
2014;2452;3084;4484;2125;2118;2114;2026;3222;2067
2014;2832;3084;4484;2125;2118;2114;2026;3222;2067
2014;2902;3084;4484;2125;2118;2114;2026;3222;2067
2452;3084;3445;4066;2125;2118;2114;2026;3222;2067
2832;3084;3445;4066;2125;2118;2114;2026;3222;2067
2902;3084;3445;4066;2125;2118;2114;2026;3222;2067
2452;3084;3445;4067;2125;2118;2114;2026;3222;2067
2832;3084;3445;4067;2125;2118;2114;2026;3222;2067
2902;3084;3445;4067;2125;2118;2114;2026;3222;2067
2452;3084;3445;4068;2125;2118;2114;2026;3222;2067
2832;3084;3445;4068;2125;2118;2114;2026;3222;2067
2902;3084;3445;4068;2125;2118;2114;2026;3222;2067
2452;3084;3445;4484;2125;2118;2114;2026;3222;2067
2832;3084;3445;4484;2125;2118;2114;2026;3222;2067
2902;3084;3445;4484;2125;2118;2114;2026;3222;2067
2014;2452;2567;4066;2125;2118;2114;2026;3222;2067
2452;2567;3445;4066;2125;2118;2114;2026;3222;2067
2014;2567;2832;4066;2125;2118;2114;2026;3222;2067
2567;2832;3445;4066;2125;2118;2114;2026;3222;2067
2014;2567;2902;4066;2125;2118;2114;2026;3222;2067
2567;2902;3445;4066;2125;2118;2114;2026;3222;2067
2014;2452;2567;4067;2125;2118;2114;2026;3222;2067
2452;2567;3445;4067;2125;2118;2114;2026;3222;2067
2014;2567;2832;4067;2125;2118;2114;2026;3222;2067
2567;2832;3445;4067;2125;2118;2114;2026;3222;2067
2014;2567;2902;4067;2125;2118;2114;2026;3222;2067
2567;2902;3445;4067;2125;2118;2114;2026;3222;2067
2014;2452;2567;4068;2125;2118;2114;2026;3222;2067
2452;2567;3445;4068;2125;2118;2114;2026;3222;2067
2014;2567;2832;4068;2125;2118;2114;2026;3222;2067
2567;2832;3445;4068;2125;2118;2114;2026;3222;2067
2014;2567;2902;4068;2125;2118;2114;2026;3222;2067
2567;2902;3445;4068;2125;2118;2114;2026;3222;2067
2014;2452;2567;4484;2125;2118;2114;2026;3222;2067
2452;2567;3445;4484;2125;2118;2114;2026;3222;2067
2014;2567;2832;4484;2125;2118;2114;2026;3222;2067
2567;2832;3445;4484;2125;2118;2114;2026;3222;2067
2014;2567;2902;4484;2125;2118;2114;2026;3222;2067
2567;2902;3445;4484;2125;2118;2114;2026;3222;2067
2452;2567;3950;4066;2125;2118;2114;2026;3222;2067
2452;3084;3950;4066;2125;2118;2114;2026;3222;2067
2567;2832;3950;4066;2125;2118;2114;2026;3222;2067
2832;3084;3950;4066;2125;2118;2114;2026;3222;2067
2567;2902;3950;4066;2125;2118;2114;2026;3222;2067
2902;3084;3950;4066;2125;2118;2114;2026;3222;2067
2452;2567;3950;4067;2125;2118;2114;2026;3222;2067
2452;3084;3950;4067;2125;2118;2114;2026;3222;2067
2567;2832;3950;4067;2125;2118;2114;2026;3222;2067
2832;3084;3950;4067;2125;2118;2114;2026;3222;2067
2567;2902;3950;4067;2125;2118;2114;2026;3222;2067
2902;3084;3950;4067;2125;2118;2114;2026;3222;2067
2452;2567;3950;4068;2125;2118;2114;2026;3222;2067
2452;3084;3950;4068;2125;2118;2114;2026;3222;2067
2567;2832;3950;4068;2125;2118;2114;2026;3222;2067
2832;3084;3950;4068;2125;2118;2114;2026;3222;2067
2567;2902;3950;4068;2125;2118;2114;2026;3222;2067
2902;3084;3950;4068;2125;2118;2114;2026;3222;2067
2452;2567;3950;4484;2125;2118;2114;2026;3222;2067
2452;3084;3950;4484;2125;2118;2114;2026;3222;2067
2567;2832;3950;4484;2125;2118;2114;2026;3222;2067
2832;3084;3950;4484;2125;2118;2114;2026;3222;2067
2567;2902;3950;4484;2125;2118;2114;2026;3222;2067
2902;3084;3950;4484;2125;2118;2114;2026;3222;2067
2014;2902;3084;4066;2125;2118;2114;2026;3222;2067
2014;2902;3084;4066;2126;2118;2114;2026;3222;2067
2014;2902;3084;4066;2128;2118;2114;2026;3222;2067
2014;2902;3084;4066;6873;2118;2114;2026;3222;2067
2014;2902;3084;4066;2124;2118;2114;2026;3222;2067
2014;2902;3084;4066;2125;2120;2114;2026;3222;2067
2014;2902;3084;4066;2125;2122;2114;2026;3222;2067
2014;2902;3084;4066;2125;2118;2115;2026;3222;2067
2014;2902;3084;4066;2125;2118;8565;2026;3222;2067
2014;2902;3084;4066;2125;2118;2475;2026;3222;2067
2014;2902;3084;4066;2125;2118;3304;2026;3222;2067
2014;2902;3084;4066;2125;2118;2114;6870;3222;2067
2014;2902;3084;4066;2125;2118;2114;2027;3222;2067
2014;2902;3084;4066;2125;2118;2114;2026;3223;2067
2014;2902;3084;4066;2125;2118;2114;2026;3222;2965
2014;2902;3084;4066;2125;2118;2114;2026;3222;2070
2014;2902;3084;4066;2125;2118;2114;2026;3222;2069
2014;2902;3084;4066;2125;2118;2114;2026;3222;2067;3169
2014;2902;3084;4066;2125;2118;2114;2026;3222;2067;2130
2014;2902;3084;4066;2125;2118;2114;2026;3222;2067;2135
2014;2902;3084;4066;2125;2118;2114;2026;3222;2067;6985
2014;2902;3084;4066;2125;2118;2114;2026;3222;2067;2047
2014;2902;3084;4066;2125;2118;2114;2026;3222;2067;2103
2014;2902;3084;4066;2125;2118;2114;2026;3222;2067;2105
2014;2902;3084;4066;2125;2118;2114;2026;3222;2067;2109
2014;2902;3084;4066;2125;2118;2114;2026;3222;2067;6948
