3023;3298;5520;5529;6222;2046;3189;2051;2056
3023;3298;5520;5529;6223;2046;3189;2051;2056
3024;3298;5520;5529;6222;2046;3189;2051;2056
3024;3298;5520;5529;6223;2046;3189;2051;2056
3024;3298;5520;5530;6223;2046;3189;2051;2056
3024;3239;5520;5529;6223;2046;3189;2051;2056
3023;3239;5520;5529;6223;2046;3189;2051;2056
3023;3298;5520;5529;6222;2046;3189;2051;2056
3023;3298;5520;5529;6222;2758;3189;2051;2056
3023;3298;5520;5529;6222;2048;3189;2051;2056
3023;3298;5520;5529;6222;2046;6897;2051;2056
3023;3298;5520;5529;6222;2046;6898;2051;2056
3023;3298;5520;5529;6222;2046;6900;2051;2056
3023;3298;5520;5529;6222;2046;3189;2444;2056
3023;3298;5520;5529;6222;2046;3189;2478;2056
3023;3298;5520;5529;6222;2046;3189;2051;6901
3023;3298;5520;5529;6222;2046;3189;2051;6902
3023;3298;5520;5529;6222;2046;3189;2051;2056;6921
3023;3298;5520;5529;6222;2046;3189;2051;2056;6923
3023;3298;5520;5529;6222;2046;3189;2051;2056;6916
3023;3298;5520;5529;6222;2046;3189;2051;2056;2050
3023;3298;5520;5529;6222;2046;3189;2051;2056;2040
3023;3298;5520;5529;6222;2046;3189;2051;2056;6903
3023;3298;5520;5529;6222;2046;3189;2051;2056;6909
