2995;3022;5523;5526;6224;2046;3189;2051;2056
2999;3022;5523;5526;6224;2046;3189;2051;2056
2999;3022;5520;5530;6224;2046;3189;2051;2056
3000;3022;5523;5526;6224;2046;3189;2051;2056
2995;3022;5523;5526;6224;2046;3189;2051;2056
2995;3022;5523;5526;6224;2758;3189;2051;2056
2995;3022;5523;5526;6224;2048;3189;2051;2056
2995;3022;5523;5526;6224;2046;6897;2051;2056
2995;3022;5523;5526;6224;2046;6898;2051;2056
2995;3022;5523;5526;6224;2046;6900;2051;2056
2995;3022;5523;5526;6224;2046;3189;2444;2056
2995;3022;5523;5526;6224;2046;3189;2478;2056
2995;3022;5523;5526;6224;2046;3189;2051;6901
2995;3022;5523;5526;6224;2046;3189;2051;6902
2995;3022;5523;5526;6224;2046;3189;2051;2056;6921
2995;3022;5523;5526;6224;2046;3189;2051;2056;6923
2995;3022;5523;5526;6224;2046;3189;2051;2056;6916
2995;3022;5523;5526;6224;2046;3189;2051;2056;2050
2995;3022;5523;5526;6224;2046;3189;2051;2056;2040
2995;3022;5523;5526;6224;2046;3189;2051;2056;6903
2995;3022;5523;5526;6224;2046;3189;2051;2056;6909
