2014;2022;2452;3084;2125;2118;2114;2026;3222;2067
2014;2023;2452;3084;2125;2118;2114;2026;3222;2067
2014;2024;2452;3084;2125;2118;2114;2026;3222;2067
2022;2452;3084;3445;2125;2118;2114;2026;3222;2067
2023;2452;3084;3445;2125;2118;2114;2026;3222;2067
2024;2452;3084;3445;2125;2118;2114;2026;3222;2067
2014;2022;2903;3084;2125;2118;2114;2026;3222;2067
2014;2023;2903;3084;2125;2118;2114;2026;3222;2067
2014;2024;2903;3084;2125;2118;2114;2026;3222;2067
2022;2903;3084;3445;2125;2118;2114;2026;3222;2067
2023;2903;3084;3445;2125;2118;2114;2026;3222;2067
2024;2903;3084;3445;2125;2118;2114;2026;3222;2067
2014;2022;2454;3084;2125;2118;2114;2026;3222;2067
2014;2023;2454;3084;2125;2118;2114;2026;3222;2067
2014;2024;2454;3084;2125;2118;2114;2026;3222;2067
2022;2454;3084;3445;2125;2118;2114;2026;3222;2067
2023;2454;3084;3445;2125;2118;2114;2026;3222;2067
2024;2454;3084;3445;2125;2118;2114;2026;3222;2067
2014;2022;2957;3084;2125;2118;2114;2026;3222;2067
2014;2023;2957;3084;2125;2118;2114;2026;3222;2067
2014;2024;2957;3084;2125;2118;2114;2026;3222;2067
2022;2957;3084;3445;2125;2118;2114;2026;3222;2067
2023;2957;3084;3445;2125;2118;2114;2026;3222;2067
2024;2957;3084;3445;2125;2118;2114;2026;3222;2067
2014;2022;2453;3084;2125;2118;2114;2026;3222;2067
2014;2023;2453;3084;2125;2118;2114;2026;3222;2067
2014;2024;2453;3084;2125;2118;2114;2026;3222;2067
2022;2453;3084;3445;2125;2118;2114;2026;3222;2067
2023;2453;3084;3445;2125;2118;2114;2026;3222;2067
2024;2453;3084;3445;2125;2118;2114;2026;3222;2067
2014;2022;2832;3084;2125;2118;2114;2026;3222;2067
2014;2023;2832;3084;2125;2118;2114;2026;3222;2067
2014;2024;2832;3084;2125;2118;2114;2026;3222;2067
2022;2832;3084;3445;2125;2118;2114;2026;3222;2067
2023;2832;3084;3445;2125;2118;2114;2026;3222;2067
2024;2832;3084;3445;2125;2118;2114;2026;3222;2067
2014;2022;2452;2567;2125;2118;2114;2026;3222;2067
2014;2023;2452;2567;2125;2118;2114;2026;3222;2067
2014;2024;2452;2567;2125;2118;2114;2026;3222;2067
2022;2452;2567;3445;2125;2118;2114;2026;3222;2067
2023;2452;2567;3445;2125;2118;2114;2026;3222;2067
2024;2452;2567;3445;2125;2118;2114;2026;3222;2067
2014;2022;2453;2567;2125;2118;2114;2026;3222;2067
2014;2023;2453;2567;2125;2118;2114;2026;3222;2067
2014;2024;2453;2567;2125;2118;2114;2026;3222;2067
2022;2453;2567;3445;2125;2118;2114;2026;3222;2067
2023;2453;2567;3445;2125;2118;2114;2026;3222;2067
2024;2453;2567;3445;2125;2118;2114;2026;3222;2067
2014;2022;2454;2567;2125;2118;2114;2026;3222;2067
2014;2023;2454;2567;2125;2118;2114;2026;3222;2067
2014;2024;2454;2567;2125;2118;2114;2026;3222;2067
2022;2454;2567;3445;2125;2118;2114;2026;3222;2067
2023;2454;2567;3445;2125;2118;2114;2026;3222;2067
2024;2454;2567;3445;2125;2118;2114;2026;3222;2067
2014;2022;2567;2832;2125;2118;2114;2026;3222;2067
2014;2023;2567;2832;2125;2118;2114;2026;3222;2067
2014;2024;2567;2832;2125;2118;2114;2026;3222;2067
2022;2567;2832;3445;2125;2118;2114;2026;3222;2067
2023;2567;2832;3445;2125;2118;2114;2026;3222;2067
2024;2567;2832;3445;2125;2118;2114;2026;3222;2067
2014;2022;2567;2903;2125;2118;2114;2026;3222;2067
2014;2023;2567;2903;2125;2118;2114;2026;3222;2067
2014;2024;2567;2903;2125;2118;2114;2026;3222;2067
2022;2567;2903;3445;2125;2118;2114;2026;3222;2067
2023;2567;2903;3445;2125;2118;2114;2026;3222;2067
2024;2567;2903;3445;2125;2118;2114;2026;3222;2067
2014;2022;2567;2957;2125;2118;2114;2026;3222;2067
2014;2023;2567;2957;2125;2118;2114;2026;3222;2067
2014;2024;2567;2957;2125;2118;2114;2026;3222;2067
2022;2567;2957;3445;2125;2118;2114;2026;3222;2067
2023;2567;2957;3445;2125;2118;2114;2026;3222;2067
2024;2567;2957;3445;2125;2118;2114;2026;3222;2067
2023;2452;3084;3950;2125;2118;2114;2026;3222;2067
2022;2454;3084;3950;2125;2118;2114;2026;3222;2067
2022;2452;2567;3950;2125;2118;2114;2026;3222;2067
2022;2452;3084;3950;2125;2118;2114;2026;3222;2067
2023;2452;2567;3950;2125;2118;2114;2026;3222;2067
2024;2452;2567;3950;2125;2118;2114;2026;3222;2067
2024;2452;3084;3950;2125;2118;2114;2026;3222;2067
2022;2453;2567;3950;2125;2118;2114;2026;3222;2067
2022;2453;3084;3950;2125;2118;2114;2026;3222;2067
2023;2453;2567;3950;2125;2118;2114;2026;3222;2067
2023;2453;3084;3950;2125;2118;2114;2026;3222;2067
2024;2453;2567;3950;2125;2118;2114;2026;3222;2067
2024;2453;3084;3950;2125;2118;2114;2026;3222;2067
2022;2454;2567;3950;2125;2118;2114;2026;3222;2067
2023;2454;2567;3950;2125;2118;2114;2026;3222;2067
2023;2454;3084;3950;2125;2118;2114;2026;3222;2067
2024;2454;2567;3950;2125;2118;2114;2026;3222;2067
2024;2454;3084;3950;2125;2118;2114;2026;3222;2067
2022;2567;2832;3950;2125;2118;2114;2026;3222;2067
2022;2832;3084;3950;2125;2118;2114;2026;3222;2067
2023;2567;2832;3950;2125;2118;2114;2026;3222;2067
2023;2832;3084;3950;2125;2118;2114;2026;3222;2067
2024;2567;2832;3950;2125;2118;2114;2026;3222;2067
2024;2832;3084;3950;2125;2118;2114;2026;3222;2067
2022;2567;2903;3950;2125;2118;2114;2026;3222;2067
2022;2903;3084;3950;2125;2118;2114;2026;3222;2067
2023;2567;2903;3950;2125;2118;2114;2026;3222;2067
2023;2903;3084;3950;2125;2118;2114;2026;3222;2067
2024;2567;2903;3950;2125;2118;2114;2026;3222;2067
2024;2903;3084;3950;2125;2118;2114;2026;3222;2067
2022;2567;2957;3950;2125;2118;2114;2026;3222;2067
2022;2957;3084;3950;2125;2118;2114;2026;3222;2067
2023;2567;2957;3950;2125;2118;2114;2026;3222;2067
2023;2957;3084;3950;2125;2118;2114;2026;3222;2067
2024;2567;2957;3950;2125;2118;2114;2026;3222;2067
2024;2957;3084;3950;2125;2118;2114;2026;3222;2067
2014;2022;2452;3084;2125;2118;2114;2026;3222;2067
2014;2022;2452;3084;2126;2118;2114;2026;3222;2067
2014;2022;2452;3084;2128;2118;2114;2026;3222;2067
2014;2022;2452;3084;6873;2118;2114;2026;3222;2067
2014;2022;2452;3084;2124;2118;2114;2026;3222;2067
2014;2022;2452;3084;2125;2120;2114;2026;3222;2067
2014;2022;2452;3084;2125;2122;2114;2026;3222;2067
2014;2022;2452;3084;2125;2118;2115;2026;3222;2067
2014;2022;2452;3084;2125;2118;8565;2026;3222;2067
2014;2022;2452;3084;2125;2118;2475;2026;3222;2067
2014;2022;2452;3084;2125;2118;3304;2026;3222;2067
2014;2022;2452;3084;2125;2118;2114;9630;3222;2067
2014;2022;2452;3084;2125;2118;2114;2027;3222;2067
2014;2022;2452;3084;2125;2118;2114;2026;3223;2067
2014;2022;2452;3084;2125;2118;2114;2026;3222;2965
2014;2022;2452;3084;2125;2118;2114;2026;3222;2070
2014;2022;2452;3084;2125;2118;2114;2026;3222;2069
2014;2022;2452;3084;2125;2118;2114;2026;3222;2067;3169
2014;2022;2452;3084;2125;2118;2114;2026;3222;2067;2130
2014;2022;2452;3084;2125;2118;2114;2026;3222;2067;2135
2014;2022;2452;3084;2125;2118;2114;2026;3222;2067;6985
2014;2022;2452;3084;2125;2118;2114;2026;3222;2067;2047
2014;2022;2452;3084;2125;2118;2114;2026;3222;2067;2103
2014;2022;2452;3084;2125;2118;2114;2026;3222;2067;2105
2014;2022;2452;3084;2125;2118;2114;2026;3222;2067;2109
2014;2022;2452;3084;2125;2118;2114;2026;3222;2067;6948
2014;2022;2452;3084;2125;2118;2114;2026;3222;2067;6950
