2014;2815;3084;5032;2026;3222;2124;2118;2114;2067
2014;3084;5032;9432;2026;3222;2124;2118;2114;2067
2014;2959;3084;5032;2026;3222;2124;2118;2114;2067
2014;3084;3988;5032;2026;3222;2124;2118;2114;2067
2014;3084;5032;6866;2026;3222;2124;2118;2114;2067
2014;2815;3084;5835;2026;3222;2124;2118;2114;2067
2014;3084;5835;9432;2026;3222;2124;2118;2114;2067
2014;2959;3084;5835;2026;3222;2124;2118;2114;2067
2014;3084;3988;5835;2026;3222;2124;2118;2114;2067
2014;3084;5835;6866;2026;3222;2124;2118;2114;2067
2014;2567;2815;5032;2026;3222;2124;2118;2114;2067
2014;2567;5032;9432;2026;3222;2124;2118;2114;2067
2014;2567;2959;5032;2026;3222;2124;2118;2114;2067
2014;2567;3988;5032;2026;3222;2124;2118;2114;2067
2014;2567;5032;6866;2026;3222;2124;2118;2114;2067
2014;2567;2815;5835;2026;3222;2124;2118;2114;2067
2014;2567;5835;9432;2026;3222;2124;2118;2114;2067
2014;2567;2959;5835;2026;3222;2124;2118;2114;2067
2014;2567;3988;5835;2026;3222;2124;2118;2114;2067
2014;2567;5835;6866;2026;3222;2124;2118;2114;2067
2567;2815;3445;5032;2026;3222;2124;2118;2114;2067
2815;3084;3445;5032;2026;3222;2124;2118;2114;2067
2567;3445;5032;9432;2026;3222;2124;2118;2114;2067
3084;3445;5032;9432;2026;3222;2124;2118;2114;2067
2567;2959;3445;5032;2026;3222;2124;2118;2114;2067
2959;3084;3445;5032;2026;3222;2124;2118;2114;2067
2567;3445;3988;5032;2026;3222;2124;2118;2114;2067
3084;3445;3988;5032;2026;3222;2124;2118;2114;2067
2567;3445;5032;6866;2026;3222;2124;2118;2114;2067
3084;3445;5032;6866;2026;3222;2124;2118;2114;2067
2567;2815;3445;5835;2026;3222;2124;2118;2114;2067
2815;3084;3445;5835;2026;3222;2124;2118;2114;2067
2567;3445;5835;9432;2026;3222;2124;2118;2114;2067
3084;3445;5835;9432;2026;3222;2124;2118;2114;2067
2567;2959;3445;5835;2026;3222;2124;2118;2114;2067
2959;3084;3445;5835;2026;3222;2124;2118;2114;2067
2567;3445;3988;5835;2026;3222;2124;2118;2114;2067
3084;3445;3988;5835;2026;3222;2124;2118;2114;2067
2567;3445;5835;6866;2026;3222;2124;2118;2114;2067
3084;3445;5835;6866;2026;3222;2124;2118;2114;2067
2567;2815;3950;5032;2026;3222;2124;2118;2114;2067
2815;3084;3950;5032;2026;3222;2124;2118;2114;2067
2567;3950;5032;9432;2026;3222;2124;2118;2114;2067
3084;3950;5032;9432;2026;3222;2124;2118;2114;2067
2567;2959;3950;5032;2026;3222;2124;2118;2114;2067
2959;3084;3950;5032;2026;3222;2124;2118;2114;2067
2567;3950;3988;5032;2026;3222;2124;2118;2114;2067
3084;3950;3988;5032;2026;3222;2124;2118;2114;2067
2567;3950;5032;6866;2026;3222;2124;2118;2114;2067
3084;3950;5032;6866;2026;3222;2124;2118;2114;2067
2567;2815;3950;5835;2026;3222;2124;2118;2114;2067
2815;3084;3950;5835;2026;3222;2124;2118;2114;2067
2567;3950;5835;9432;2026;3222;2124;2118;2114;2067
3084;3950;5835;9432;2026;3222;2124;2118;2114;2067
2567;2959;3950;5835;2026;3222;2124;2118;2114;2067
2959;3084;3950;5835;2026;3222;2124;2118;2114;2067
2567;3950;3988;5835;2026;3222;2124;2118;2114;2067
3084;3950;3988;5835;2026;3222;2124;2118;2114;2067
2567;3950;5835;6866;2026;3222;2124;2118;2114;2067
3084;3950;5835;6866;2026;3222;2124;2118;2114;2067
2014;2567;2957;5032;2026;3222;2124;2118;2114;2067
2014;2957;3084;5032;2026;3222;2124;2118;2114;2067
2567;2957;3445;5032;2026;3222;2124;2118;2114;2067
2957;3084;3445;5032;2026;3222;2124;2118;2114;2067
2567;2957;3950;5032;2026;3222;2124;2118;2114;2067
2957;3084;3950;5032;2026;3222;2124;2118;2114;2067
2014;2567;5032;9076;2026;3222;2124;2118;2114;2067
2014;3084;5032;9076;2026;3222;2124;2118;2114;2067
2567;3445;5032;9076;2026;3222;2124;2118;2114;2067
3084;3445;5032;9076;2026;3222;2124;2118;2114;2067
2567;3950;5032;9076;2026;3222;2124;2118;2114;2067
3084;3950;5032;9076;2026;3222;2124;2118;2114;2067
2014;2567;2957;5835;2026;3222;2124;2118;2114;2067
2014;2957;3084;5835;2026;3222;2124;2118;2114;2067
2567;2957;3445;5835;2026;3222;2124;2118;2114;2067
2957;3084;3445;5835;2026;3222;2124;2118;2114;2067
2567;2957;3950;5835;2026;3222;2124;2118;2114;2067
2957;3084;3950;5835;2026;3222;2124;2118;2114;2067
2014;2567;5835;9076;2026;3222;2124;2118;2114;2067
2014;3084;5835;9076;2026;3222;2124;2118;2114;2067
2567;3445;5835;9076;2026;3222;2124;2118;2114;2067
3084;3445;5835;9076;2026;3222;2124;2118;2114;2067
2567;3950;5835;9076;2026;3222;2124;2118;2114;2067
3084;3950;5835;9076;2026;3222;2124;2118;2114;2067
2567;2815;3445;4068;2026;3222;2124;2118;2114;2067
2815;3084;3445;4068;2026;3222;2124;2118;2114;2067
2567;2957;3445;4068;2026;3222;2124;2118;2114;2067
2957;3084;3445;4068;2026;3222;2124;2118;2114;2067
2567;2959;3445;4068;2026;3222;2124;2118;2114;2067
2959;3084;3445;4068;2026;3222;2124;2118;2114;2067
2567;3445;3988;4068;2026;3222;2124;2118;2114;2067
3084;3445;3988;4068;2026;3222;2124;2118;2114;2067
2567;3445;4068;6866;2026;3222;2124;2118;2114;2067
3084;3445;4068;6866;2026;3222;2124;2118;2114;2067
2567;3445;4068;9076;2026;3222;2124;2118;2114;2067
3084;3445;4068;9076;2026;3222;2124;2118;2114;2067
2567;3445;4068;9432;2026;3222;2124;2118;2114;2067
3084;3445;4068;9432;2026;3222;2124;2118;2114;2067
2014;2815;3084;5032;2026;3222;2124;2118;2114;2067
2014;2815;3084;5032;9630;3222;2124;2118;2114;2067
2014;2815;3084;5032;2027;3222;2124;2118;2114;2067
2014;2815;3084;5032;2026;3223;2124;2118;2114;2067
2014;2815;3084;5032;2026;3222;2125;2118;2114;2067
2014;2815;3084;5032;2026;3222;2126;2118;2114;2067
2014;2815;3084;5032;2026;3222;2128;2118;2114;2067
2014;2815;3084;5032;2026;3222;6873;2118;2114;2067
2014;2815;3084;5032;2026;3222;2124;2120;2114;2067
2014;2815;3084;5032;2026;3222;2124;2122;2114;2067
2014;2815;3084;5032;2026;3222;2124;2118;2115;2067
2014;2815;3084;5032;2026;3222;2124;2118;8565;2067
2014;2815;3084;5032;2026;3222;2124;2118;2475;2067
2014;2815;3084;5032;2026;3222;2124;2118;3304;2067
2014;2815;3084;5032;2026;3222;2124;2118;2114;2965
2014;2815;3084;5032;2026;3222;2124;2118;2114;2070
2014;2815;3084;5032;2026;3222;2124;2118;2114;2069
2014;2815;3084;5032;2026;3222;2124;2118;2114;2067;3169
2014;2815;3084;5032;2026;3222;2124;2118;2114;2067;2130
2014;2815;3084;5032;2026;3222;2124;2118;2114;2067;2135
2014;2815;3084;5032;2026;3222;2124;2118;2114;2067;6985
2014;2815;3084;5032;2026;3222;2124;2118;2114;2067;2047
2014;2815;3084;5032;2026;3222;2124;2118;2114;2067;2103
2014;2815;3084;5032;2026;3222;2124;2118;2114;2067;2105
2014;2815;3084;5032;2026;3222;2124;2118;2114;2067;2109
2014;2815;3084;5032;2026;3222;2124;2118;2114;2067;6948
