2993;3024;5521;5526;6222;2046;3189;2051;2056
2993;3024;5522;5526;6222;2046;3189;2051;2056
2993;3024;5523;5526;6222;2046;3189;2051;2056
2993;3024;5520;5529;6222;2046;3189;2051;2056
2993;3024;5520;5530;6222;2046;3189;2051;2056
2993;3024;5521;5526;6223;2046;3189;2051;2056
2993;3024;5522;5526;6223;2046;3189;2051;2056
2993;3024;5523;5526;6223;2046;3189;2051;2056
2993;3024;5520;5529;6223;2046;3189;2051;2056
2993;3024;5520;5530;6223;2046;3189;2051;2056
2998;3024;5523;5526;6222;2046;3189;2051;2056
2998;3024;5520;5529;6222;2046;3189;2051;2056
2998;3024;5520;5530;6222;2046;3189;2051;2056
2998;3024;5523;5526;6223;2046;3189;2051;2056
2998;3024;5520;5529;6223;2046;3189;2051;2056
2998;3024;5520;5530;6223;2046;3189;2051;2056
2993;3024;5521;5526;6222;2046;3189;2051;2056
2993;3024;5521;5526;6222;2758;3189;2051;2056
2993;3024;5521;5526;6222;2048;3189;2051;2056
2993;3024;5521;5526;6222;2046;6897;2051;2056
2993;3024;5521;5526;6222;2046;6898;2051;2056
2993;3024;5521;5526;6222;2046;6900;2051;2056
2993;3024;5521;5526;6222;2046;3189;2444;2056
2993;3024;5521;5526;6222;2046;3189;2478;2056
2993;3024;5521;5526;6222;2046;3189;2051;6901
2993;3024;5521;5526;6222;2046;3189;2051;6902
2993;3024;5521;5526;6222;2046;3189;2051;2056;6921
2993;3024;5521;5526;6222;2046;3189;2051;2056;6923
2993;3024;5521;5526;6222;2046;3189;2051;2056;6916
2993;3024;5521;5526;6222;2046;3189;2051;2056;2050
2993;3024;5521;5526;6222;2046;3189;2051;2056;2040
2993;3024;5521;5526;6222;2046;3189;2051;2056;6903
2993;3024;5521;5526;6222;2046;3189;2051;2056;6909
