3020;3220;5523;5526;6224;2046;3189;2051;2056
3020;3220;5523;5530;6224;2046;3189;2051;2056
3020;3220;5523;5526;6224;2046;3189;2051;2056
3020;3220;5523;5526;6224;2758;3189;2051;2056
3020;3220;5523;5526;6224;2048;3189;2051;2056
3020;3220;5523;5526;6224;2046;6897;2051;2056
3020;3220;5523;5526;6224;2046;6898;2051;2056
3020;3220;5523;5526;6224;2046;6900;2051;2056
3020;3220;5523;5526;6224;2046;3189;2444;2056
3020;3220;5523;5526;6224;2046;3189;2478;2056
3020;3220;5523;5526;6224;2046;3189;2051;6901
3020;3220;5523;5526;6224;2046;3189;2051;6902
3020;3220;5523;5526;6224;2046;3189;2051;2056;6921
3020;3220;5523;5526;6224;2046;3189;2051;2056;6923
3020;3220;5523;5526;6224;2046;3189;2051;2056;6916
3020;3220;5523;5526;6224;2046;3189;2051;2056;2050
3020;3220;5523;5526;6224;2046;3189;2051;2056;2040
3020;3220;5523;5526;6224;2046;3189;2051;2056;6903
3020;3220;5523;5526;6224;2046;3189;2051;2056;6909
