3024;3582;5029;5520;5529;6222;2046;3189;2051;2056
3024;3582;5029;5520;5530;6222;2046;3189;2051;2056
3024;3582;5029;5520;5531;6222;2046;3189;2051;2056
3024;3582;5029;5520;5533;6222;2046;3189;2051;2056
3024;3582;5029;5520;5529;6223;2046;3189;2051;2056
3024;3582;5029;5520;5530;6223;2046;3189;2051;2056
3024;3582;5029;5520;5531;6223;2046;3189;2051;2056
3024;3582;5029;5520;5533;6223;2046;3189;2051;2056
3024;3584;5029;5520;5529;6222;2046;3189;2051;2056
3024;3584;5029;5520;5530;6222;2046;3189;2051;2056
3024;3584;5029;5520;5529;6223;2046;3189;2051;2056
3024;3584;5029;5520;5530;6223;2046;3189;2051;2056
3024;3989;5029;5520;5529;6222;2046;3189;2051;2056
3024;3989;5029;5520;5529;6223;2046;3189;2051;2056
3024;3989;5029;5520;5530;6224;2046;3189;2051;2056
3024;3989;5029;5520;5530;6223;2046;3189;2051;2056
3024;3582;5029;5520;5529;6224;2046;3189;2051;2056
3024;3582;5029;5520;5530;6224;2046;3189;2051;2056
3024;3584;5029;5520;5530;6224;2046;3189;2051;2056
3024;3989;5029;5520;5529;6224;2046;3189;2051;2056
3024;3989;5029;5520;5531;6224;2046;3189;2051;2056
3024;3989;5029;5520;5533;6224;2046;3189;2051;2056
3024;3582;5029;5520;5529;6222;2758;3189;2051;2056
3024;3582;5029;5520;5529;6222;2048;3189;2051;2056
3024;3582;5029;5520;5529;6222;2046;6897;2051;2056
3024;3582;5029;5520;5529;6222;2046;6898;2051;2056
3024;3582;5029;5520;5529;6222;2046;6900;2051;2056
3024;3582;5029;5520;5529;6222;2046;3189;2444;2056
3024;3582;5029;5520;5529;6222;2046;3189;2478;2056
3024;3582;5029;5520;5529;6222;2046;3189;2051;6901
3024;3582;5029;5520;5529;6222;2046;3189;2051;6902
3024;3582;5029;5520;5529;6222;2046;3189;2051;2056;6921
3024;3582;5029;5520;5529;6222;2046;3189;2051;2056;6923
3024;3582;5029;5520;5529;6222;2046;3189;2051;2056;6916
3024;3582;5029;5520;5529;6222;2046;3189;2051;2056;2050
3024;3582;5029;5520;5529;6222;2046;3189;2051;2056;2040
3024;3582;5029;5520;5529;6222;2046;3189;2051;2056;6903
3024;3582;5029;5520;5529;6222;2046;3189;2051;2056;6909
