3989;4109;4111;4636;5520;5530;6224;2046;3189;2051;2056
3989;4109;4111;4636;5520;5532;6226;2046;3189;2051;2056
3990;4109;4111;4636;5520;5532;6224;2046;3189;2051;2056
3990;4109;4111;4636;5520;5532;6226;2046;3189;2051;2056
3990;4109;4111;4636;5520;5534;6226;2046;3189;2051;2056
3990;4109;4111;4718;5520;5530;6224;2046;3189;2051;2056
3989;4109;4111;4636;5520;5530;6224;2046;3189;2051;2056
3989;4109;4111;4636;5520;5530;6224;2758;3189;2051;2056
3989;4109;4111;4636;5520;5530;6224;2048;3189;2051;2056
3989;4109;4111;4636;5520;5530;6224;2046;6897;2051;2056
3989;4109;4111;4636;5520;5530;6224;2046;6898;2051;2056
3989;4109;4111;4636;5520;5530;6224;2046;6900;2051;2056
3989;4109;4111;4636;5520;5530;6224;2046;3189;2444;2056
3989;4109;4111;4636;5520;5530;6224;2046;3189;2478;2056
3989;4109;4111;4636;5520;5530;6224;2046;3189;2051;6901
3989;4109;4111;4636;5520;5530;6224;2046;3189;2051;6902
3989;4109;4111;4636;5520;5530;6224;2046;3189;2051;2056;4093
3989;4109;4111;4636;5520;5530;6224;2046;3189;2051;2056;6921
3989;4109;4111;4636;5520;5530;6224;2046;3189;2051;2056;6923
3989;4109;4111;4636;5520;5530;6224;2046;3189;2051;2056;6916
3989;4109;4111;4636;5520;5530;6224;2046;3189;2051;2056;2050
3989;4109;4111;4636;5520;5530;6224;2046;3189;2051;2056;2040
3989;4109;4111;4636;5520;5530;6224;2046;3189;2051;2056;6903
3989;4109;4111;4636;5520;5530;6224;2046;3189;2051;2056;6909
