2986;3024;5523;5526;6222;2046;3189;2051;2056
2986;3024;5523;5526;6223;2046;3189;2051;2056
2986;3024;5523;5528;6224;2046;3189;2051;2056
2986;3024;5523;5529;6224;2046;3189;2051;2056
3022;3220;5523;5526;6222;2046;3189;2051;2056
3022;3220;5523;5526;6223;2046;3189;2051;2056
3022;3220;5523;5526;6224;2046;3189;2051;2056
3024;3220;5523;5526;6224;2046;3189;2051;2056
3022;3221;5523;5526;6222;2046;3189;2051;2056
3022;3221;5523;5528;6222;2046;3189;2051;2056
3022;3221;5523;5529;6222;2046;3189;2051;2056
3022;3221;5523;5526;6223;2046;3189;2051;2056
3022;3221;5523;5528;6223;2046;3189;2051;2056
3022;3221;5523;5529;6223;2046;3189;2051;2056
3022;3221;5523;5526;6224;2046;3189;2051;2056
3022;3221;5523;5528;6224;2046;3189;2051;2056
3022;3221;5523;5529;6224;2046;3189;2051;2056
3022;3221;5523;5530;6224;2046;3189;2051;2056
3022;3233;5523;5526;6222;2046;3189;2051;2056
3022;3233;5520;5529;6222;2046;3189;2051;2056
3022;3233;5520;5530;6222;2046;3189;2051;2056
3022;3233;5523;5526;6223;2046;3189;2051;2056
3022;3233;5520;5529;6223;2046;3189;2051;2056
3022;3233;5520;5530;6223;2046;3189;2051;2056
3022;3233;5523;5526;6224;2046;3189;2051;2056
3023;3233;5521;5526;6222;2046;3189;2051;2056
3023;3233;5522;5526;6222;2046;3189;2051;2056
3023;3233;5521;5526;6223;2046;3189;2051;2056
3023;3233;5522;5526;6223;2046;3189;2051;2056
3024;3233;5521;5526;6222;2046;3189;2051;2056
3024;3233;5522;5526;6222;2046;3189;2051;2056
3024;3233;5523;5526;6222;2046;3189;2051;2056
3024;3233;5521;5526;6223;2046;3189;2051;2056
3024;3233;5522;5526;6223;2046;3189;2051;2056
3024;3233;5523;5526;6223;2046;3189;2051;2056
3022;3238;5523;5526;6222;2046;3189;2051;2056
3022;3238;5523;5526;6223;2046;3189;2051;2056
3022;3239;5523;5526;6222;2046;3189;2051;2056
3022;3239;5523;5528;6222;2046;3189;2051;2056
3022;3239;5523;5529;6222;2046;3189;2051;2056
3022;3239;5523;5530;6222;2046;3189;2051;2056
3022;3239;5520;5528;6222;2046;3189;2051;2056
3022;3239;5520;5529;6222;2046;3189;2051;2056
3022;3239;5523;5526;6223;2046;3189;2051;2056
3022;3239;5523;5528;6223;2046;3189;2051;2056
3022;3239;5523;5529;6223;2046;3189;2051;2056
3022;3239;5523;5530;6223;2046;3189;2051;2056
3022;3239;5520;5528;6223;2046;3189;2051;2056
3022;3239;5520;5529;6223;2046;3189;2051;2056
3022;3239;5523;5526;6224;2046;3189;2051;2056
3022;3239;5523;5528;6224;2046;3189;2051;2056
3022;3239;5523;5529;6224;2046;3189;2051;2056
3022;3239;5523;5530;6224;2046;3189;2051;2056
3022;3239;5520;5528;6224;2046;3189;2051;2056
3022;3239;5520;5529;6224;2046;3189;2051;2056
3023;3239;5520;5529;6224;2046;3189;2051;2056
3024;3239;5523;5526;6222;2046;3189;2051;2056
3024;3239;5523;5526;6223;2046;3189;2051;2056
3022;3240;5523;5526;6222;2046;3189;2051;2056
3022;3240;5523;5526;6223;2046;3189;2051;2056
3022;3240;5520;5530;6224;2046;3189;2051;2056
3024;3240;5523;5526;6224;2046;3189;2051;2056
3022;3314;5523;5526;6222;2046;3189;2051;2056
3022;3314;5523;5528;6222;2046;3189;2051;2056
3022;3314;5523;5529;6222;2046;3189;2051;2056
3022;3314;5523;5526;6223;2046;3189;2051;2056
3022;3314;5523;5528;6223;2046;3189;2051;2056
3022;3314;5523;5529;6223;2046;3189;2051;2056
3024;3314;5523;5526;6222;2046;3189;2051;2056
3024;3314;5523;5526;6223;2046;3189;2051;2056
3022;3989;5523;5526;6222;2046;3189;2051;2056
3022;3989;5523;5526;6223;2046;3189;2051;2056
3022;3989;5523;5526;6224;2046;3189;2051;2056
3022;3989;5523;5528;6224;2046;3189;2051;2056
3022;3989;5523;5529;6224;2046;3189;2051;2056
3022;3989;5520;5530;6224;2046;3189;2051;2056
3022;3990;5523;5526;6222;2046;3189;2051;2056
3022;3990;5523;5526;6223;2046;3189;2051;2056
3022;3989;5523;5529;6223;2046;3189;2051;2056
3022;3989;5520;5529;6223;2046;3189;2051;2056
3022;3221;5520;5530;6224;2046;3189;2051;2056
3022;3989;5520;5530;6223;2046;3189;2051;2056
3022;3989;5523;5530;6224;2046;3189;2051;2056
3022;3220;5523;5530;6224;2046;3189;2051;2056
2986;3024;5520;5529;6223;2046;3189;2051;2056
3022;3221;5520;5530;6223;2046;3189;2051;2056
3022;3220;5520;5529;6223;2046;3189;2051;2056
3024;3239;5523;5526;6224;2046;3189;2051;2056
3022;3990;5523;5529;6223;2046;3189;2051;2056
3022;3221;5520;5528;6223;2046;3189;2051;2056
3022;3220;5523;5529;6224;2046;3189;2051;2056
2986;3022;5523;5526;6223;2046;3189;2051;2056
3022;3990;5523;5526;6224;2046;3189;2051;2056
3022;3220;5521;5530;6224;2046;3189;2051;2056
3022;3221;5520;5529;6223;2046;3189;2051;2056
3022;3221;5521;5529;6223;2046;3189;2051;2056
3022;3221;5522;5529;6223;2046;3189;2051;2056
3024;3221;5523;5529;6223;2046;3189;2051;2056
3023;3221;5523;5529;6223;2046;3189;2051;2056
3023;3221;5522;5529;6223;2046;3189;2051;2056
3023;3221;5522;5529;6224;2046;3189;2051;2056
3023;3221;5522;5528;6223;2046;3189;2051;2056
3022;3220;5523;5529;6223;2046;3189;2051;2056
3023;3239;5523;5526;6223;2046;3189;2051;2056
3023;3233;5523;5526;6224;2046;3189;2051;2056
2986;3024;5523;5526;6222;2046;3189;2051;2056
2986;3024;5523;5526;6222;2758;3189;2051;2056
2986;3024;5523;5526;6222;2048;3189;2051;2056
2986;3024;5523;5526;6222;2046;6897;2051;2056
2986;3024;5523;5526;6222;2046;6898;2051;2056
2986;3024;5523;5526;6222;2046;6900;2051;2056
2986;3024;5523;5526;6222;2046;3189;2444;2056
2986;3024;5523;5526;6222;2046;3189;2478;2056
2986;3024;5523;5526;6222;2046;3189;2051;6901
2986;3024;5523;5526;6222;2046;3189;2051;6902
2986;3024;5523;5526;6222;2046;3189;2051;2056;6921
2986;3024;5523;5526;6222;2046;3189;2051;2056;6923
2986;3024;5523;5526;6222;2046;3189;2051;2056;6916
2986;3024;5523;5526;6222;2046;3189;2051;2056;2050
2986;3024;5523;5526;6222;2046;3189;2051;2056;2040
2986;3024;5523;5526;6222;2046;3189;2051;2056;6903
2986;3024;5523;5526;6222;2046;3189;2051;2056;6909
