3022;4109;4111;5205;5520;5530;6224;2046;3189;2051;2056
3022;4109;4111;5206;5520;5530;6224;2046;3189;2051;2056
3022;4109;4111;5205;5520;5532;6224;2046;3189;2051;2056
3022;4109;4111;5206;5520;5532;6226;2046;3189;2051;2056
3024;4109;4111;5206;5520;5530;6224;2046;3189;2051;2056
3022;4109;4111;5205;5520;5530;6224;2046;3189;2051;2056
3022;4109;4111;5205;5520;5530;6224;2758;3189;2051;2056
3022;4109;4111;5205;5520;5530;6224;2048;3189;2051;2056
3022;4109;4111;5205;5520;5530;6224;2046;6897;2051;2056
3022;4109;4111;5205;5520;5530;6224;2046;6898;2051;2056
3022;4109;4111;5205;5520;5530;6224;2046;6900;2051;2056
3022;4109;4111;5205;5520;5530;6224;2046;3189;2444;2056
3022;4109;4111;5205;5520;5530;6224;2046;3189;2478;2056
3022;4109;4111;5205;5520;5530;6224;2046;3189;2051;6901
3022;4109;4111;5205;5520;5530;6224;2046;3189;2051;6902
3022;4109;4111;5205;5520;5530;6224;2046;3189;2051;2056;6921
3022;4109;4111;5205;5520;5530;6224;2046;3189;2051;2056;6923
3022;4109;4111;5205;5520;5530;6224;2046;3189;2051;2056;6916
3022;4109;4111;5205;5520;5530;6224;2046;3189;2051;2056;2050
3022;4109;4111;5205;5520;5530;6224;2046;3189;2051;2056;2040
3022;4109;4111;5205;5520;5530;6224;2046;3189;2051;2056;6903
3022;4109;4111;5205;5520;5530;6224;2046;3189;2051;2056;6909
