3000;4616;5523;5530;6226;2046;3189;2051;2056
3221;4634;5523;5528;6224;2046;3189;2051;2056
3221;4634;5523;5529;6224;2046;3189;2051;2056
3000;4616;5523;5530;6226;2046;3189;2051;2056
3000;4616;5523;5530;6226;2758;3189;2051;2056
3000;4616;5523;5530;6226;2048;3189;2051;2056
3000;4616;5523;5530;6226;2046;6897;2051;2056
3000;4616;5523;5530;6226;2046;6898;2051;2056
3000;4616;5523;5530;6226;2046;6900;2051;2056
3000;4616;5523;5530;6226;2046;3189;2444;2056
3000;4616;5523;5530;6226;2046;3189;2478;2056
3000;4616;5523;5530;6226;2046;3189;2051;6901
3000;4616;5523;5530;6226;2046;3189;2051;6902
3000;4616;5523;5530;6226;2046;3189;2051;2056;6921
3000;4616;5523;5530;6226;2046;3189;2051;2056;6923
3000;4616;5523;5530;6226;2046;3189;2051;2056;6916
3000;4616;5523;5530;6226;2046;3189;2051;2056;2050
3000;4616;5523;5530;6226;2046;3189;2051;2056;2040
3000;4616;5523;5530;6226;2046;3189;2051;2056;6903
3000;4616;5523;5530;6226;2046;3189;2051;2056;6909
