4636;5205;5523;5528;6224;2046;3189;2051;2056
4636;5205;5523;5529;6224;2046;3189;2051;2056
4635;5206;5523;5528;6224;2046;3189;2051;2056
4635;5206;5523;5529;6224;2046;3189;2051;2056
4635;5206;5520;5530;6224;2046;3189;2051;2056
4636;5205;5523;5528;6224;2046;3189;2051;2056
4636;5205;5523;5528;6224;2758;3189;2051;2056
4636;5205;5523;5528;6224;2048;3189;2051;2056
4636;5205;5523;5528;6224;2046;6897;2051;2056
4636;5205;5523;5528;6224;2046;6898;2051;2056
4636;5205;5523;5528;6224;2046;6900;2051;2056
4636;5205;5523;5528;6224;2046;3189;2444;2056
4636;5205;5523;5528;6224;2046;3189;2478;2056
4636;5205;5523;5528;6224;2046;3189;2051;6901
4636;5205;5523;5528;6224;2046;3189;2051;6902
4636;5205;5523;5528;6224;2046;3189;2051;2056;6921
4636;5205;5523;5528;6224;2046;3189;2051;2056;6923
4636;5205;5523;5528;6224;2046;3189;2051;2056;6916
4636;5205;5523;5528;6224;2046;3189;2051;2056;2050
4636;5205;5523;5528;6224;2046;3189;2051;2056;2040
4636;5205;5523;5528;6224;2046;3189;2051;2056;6903
4636;5205;5523;5528;6224;2046;3189;2051;2056;6909
