2026;7937;2120;2114;2067
9630;7937;2120;2114;2067
2027;7937;2120;2114;2067
2026;7418;2120;2114;2067
2026;7937;2122;2114;2067
2026;7937;2120;2115;2067
2026;7937;2120;2475;2067
2026;7937;2120;3304;2067
2026;7937;2120;2114;2965
2026;7937;2120;2114;2070
2026;7937;2120;2114;2069
2026;7937;2120;2114;2067;3169
2026;7937;2120;2114;2067;2130
2026;7937;2120;2114;2067;2135
2026;7937;2120;2114;2067;6985
2026;7937;2120;2114;2067;2047
2026;7937;2120;2114;2067;2105
2026;7937;2120;2114;2067;2109
2026;7937;2120;2114;2067;6948
