3964;2026;7937;2120;2114;2067
4066;2026;7937;2120;2114;2067
3964;2026;7937;2120;2114;2067
3964;9630;7937;2120;2114;2067
3964;2027;7937;2120;2114;2067
3964;2026;7418;2120;2114;2067
3964;2026;7937;2122;2114;2067
3964;2026;7937;2120;2115;2067
3964;2026;7937;2120;2475;2067
3964;2026;7937;2120;3304;2067
3964;2026;7937;2120;2114;2965
3964;2026;7937;2120;2114;2070
3964;2026;7937;2120;2114;2069
3964;2026;7937;2120;2114;2067;3169
3964;2026;7937;2120;2114;2067;2130
3964;2026;7937;2120;2114;2067;2135
3964;2026;7937;2120;2114;2067;6985
3964;2026;7937;2120;2114;2067;2047
3964;2026;7937;2120;2114;2067;2103
3964;2026;7937;2120;2114;2067;2105
3964;2026;7937;2120;2114;2067;2109
3964;2026;7937;2120;2114;2067;6948
