2014;3965;2125;2118;2114;2026;3222;2067
2014;4066;2125;2118;2114;2026;3222;2067
2014;4067;2125;2118;2114;2026;3222;2067
2014;4068;2125;2118;2114;2026;3222;2067
2014;4569;2125;2118;2114;2026;3222;2067
2014;3965;2125;2118;2114;2026;3222;2067
2014;3965;2126;2118;2114;2026;3222;2067
2014;3965;2128;2118;2114;2026;3222;2067
2014;3965;6873;2118;2114;2026;3222;2067
2014;3965;2124;2118;2114;2026;3222;2067
2014;3965;2125;2120;2114;2026;3222;2067
2014;3965;2125;2122;2114;2026;3222;2067
2014;3965;2125;2118;2115;2026;3222;2067
2014;3965;2125;2118;8565;2026;3222;2067
2014;3965;2125;2118;2475;2026;3222;2067
2014;3965;2125;2118;3304;2026;3222;2067
2014;3965;2125;2118;2114;9630;3222;2067
2014;3965;2125;2118;2114;2027;3222;2067
2014;3965;2125;2118;2114;2026;3223;2067
2014;3965;2125;2118;2114;2026;3222;2965
2014;3965;2125;2118;2114;2026;3222;2070
2014;3965;2125;2118;2114;2026;3222;2069
2014;3965;2125;2118;2114;2026;3222;2067;3169
2014;3965;2125;2118;2114;2026;3222;2067;2130
2014;3965;2125;2118;2114;2026;3222;2067;2135
2014;3965;2125;2118;2114;2026;3222;2067;6985
2014;3965;2125;2118;2114;2026;3222;2067;2047
2014;3965;2125;2118;2114;2026;3222;2067;2103
2014;3965;2125;2118;2114;2026;3222;2067;2105
2014;3965;2125;2118;2114;2026;3222;2067;2109
2014;3965;2125;2118;2114;2026;3222;2067;6948
2014;3965;2125;2118;2114;2026;3222;2067;6950
