2014;3084;2026;3222;7937;2120;2114;2067
3084;3950;2026;3222;7937;2120;2114;2067
2014;3084;2026;3222;7937;2120;2114;2067
2014;3084;9630;3222;7937;2120;2114;2067
2014;3084;2027;3222;7937;2120;2114;2067
2014;3084;2026;3223;7937;2120;2114;2067
2014;3084;2026;3222;7418;2120;2114;2067
2014;3084;2026;3222;7937;2122;2114;2067
2014;3084;2026;3222;7937;2120;2115;2067
2014;3084;2026;3222;7937;2120;2475;2067
2014;3084;2026;3222;7937;2120;3304;2067
2014;3084;2026;3222;7937;2120;2114;2965
2014;3084;2026;3222;7937;2120;2114;2070
2014;3084;2026;3222;7937;2120;2114;2069
2014;3084;2026;3222;7937;2120;2114;2067;3169
2014;3084;2026;3222;7937;2120;2114;2067;2130
2014;3084;2026;3222;7937;2120;2114;2067;2135
2014;3084;2026;3222;7937;2120;2114;2067;6985
2014;3084;2026;3222;7937;2120;2114;2067;2047
2014;3084;2026;3222;7937;2120;2114;2067;2103
2014;3084;2026;3222;7937;2120;2114;2067;2105
2014;3084;2026;3222;7937;2120;2114;2067;2109
2014;3084;2026;3222;7937;2120;2114;2067;6948
