2125;2118;2114;2026;3222;2067
2126;2118;2114;2026;3222;2067
2128;2118;2114;2026;3222;2067
6873;2118;2114;2026;3222;2067
2124;2118;2114;2026;3222;2067
2125;2120;2114;2026;3222;2067
2125;2122;2114;2026;3222;2067
2125;2118;2115;2026;3222;2067
2125;2118;8565;2026;3222;2067
2125;2118;2475;2026;3222;2067
2125;2118;3304;2026;3222;2067
2125;2118;2114;9630;3222;2067
2125;2118;2114;2027;3222;2067
2125;2118;2114;2026;3223;2067
2125;2118;2114;2026;3222;2965
2125;2118;2114;2026;3222;2070
2125;2118;2114;2026;3222;2069
2125;2118;2114;2026;3222;2067;3169
2125;2118;2114;2026;3222;2067;2130
2125;2118;2114;2026;3222;2067;2135
2125;2118;2114;2026;3222;2067;6985
2125;2118;2114;2026;3222;2067;2047
2125;2118;2114;2026;3222;2067;2103
2125;2118;2114;2026;3222;2067;2105
2125;2118;2114;2026;3222;2067;2109
2125;2118;2114;2026;3222;2067;6948
