4068;2026;2125;2118;2114;2067
5032;2026;2125;2118;2114;2067
8582;2026;2125;2118;2114;2067
4068;2026;2125;2118;2114;2067
4068;9630;2125;2118;2114;2067
4068;2027;2125;2118;2114;2067
4068;2026;2124;2118;2114;2067
4068;2026;2126;2118;2114;2067
4068;2026;2128;2118;2114;2067
4068;2026;6873;2118;2114;2067
4068;2026;2125;2120;2114;2067
4068;2026;2125;2122;2114;2067
4068;2026;2125;2118;2115;2067
4068;2026;2125;2118;8565;2067
4068;2026;2125;2118;2475;2067
4068;2026;2125;2118;3304;2067
4068;2026;2125;2118;2114;2965
4068;2026;2125;2118;2114;2070
4068;2026;2125;2118;2114;2069
4068;2026;2125;2118;2114;2067;3169
4068;2026;2125;2118;2114;2067;2130
4068;2026;2125;2118;2114;2067;2135
4068;2026;2125;2118;2114;2067;6985
4068;2026;2125;2118;2114;2067;2047
4068;2026;2125;2118;2114;2067;2103
4068;2026;2125;2118;2114;2067;2105
4068;2026;2125;2118;2114;2067;2109
4068;2026;2125;2118;2114;2067;6948
