2026;2124;2118;2114;2067
9630;2124;2118;2114;2067
2027;2124;2118;2114;2067
2026;2125;2118;2114;2067
2026;2126;2118;2114;2067
2026;2128;2118;2114;2067
2026;6873;2118;2114;2067
2026;2124;2120;2114;2067
2026;2124;2122;2114;2067
2026;2124;2118;2115;2067
2026;2124;2118;8565;2067
2026;2124;2118;2475;2067
2026;2124;2118;3304;2067
2026;2124;2118;2114;2965
2026;2124;2118;2114;2070
2026;2124;2118;2114;2069
2026;2124;2118;2114;2067;3169
2026;2124;2118;2114;2067;2130
2026;2124;2118;2114;2067;2135
2026;2124;2118;2114;2067;6985
2026;2124;2118;2114;2067;2047
2026;2124;2118;2114;2067;2103
2026;2124;2118;2114;2067;2105
2026;2124;2118;2114;2067;2109
2026;2124;2118;2114;2067;6948
