2986;3022;5521;5526;6222;2046;3189;2051;2056
2986;3022;5522;5526;6222;2046;3189;2051;2056
2986;3022;5523;5526;6222;2046;3189;2051;2056
2986;3022;5521;5526;6223;2046;3189;2051;2056
2986;3022;5522;5526;6223;2046;3189;2051;2056
2986;3022;5523;5526;6223;2046;3189;2051;2056
2986;3023;5523;5526;6222;2046;3189;2051;2056
2986;3023;5523;5526;6223;2046;3189;2051;2056
2986;3024;5521;5526;6222;2046;3189;2051;2056
2986;3024;5522;5526;6222;2046;3189;2051;2056
2986;3024;5523;5526;6222;2046;3189;2051;2056
2986;3024;5521;5526;6223;2046;3189;2051;2056
2986;3024;5522;5526;6223;2046;3189;2051;2056
2986;3024;5523;5526;6223;2046;3189;2051;2056
2990;3022;5523;5526;6222;2046;3189;2051;2056
2990;3022;5523;5526;6223;2046;3189;2051;2056
2991;3022;5523;5526;6222;2046;3189;2051;2056
2991;3022;5523;5526;6223;2046;3189;2051;2056
2991;3024;5523;5526;6222;2046;3189;2051;2056
2991;3024;5523;5526;6223;2046;3189;2051;2056
2994;3022;5523;5526;6224;2046;3189;2051;2056
2995;3022;5523;5526;6222;2046;3189;2051;2056
2995;3022;5523;5526;6223;2046;3189;2051;2056
2995;3022;5523;5526;6224;2046;3189;2051;2056
2995;3023;5523;5526;6222;2046;3189;2051;2056
2995;3023;5523;5526;6223;2046;3189;2051;2056
2995;3024;5523;5526;6222;2046;3189;2051;2056
2995;3024;5523;5526;6223;2046;3189;2051;2056
2995;3024;5523;5526;6224;2046;3189;2051;2056
2996;3022;5523;5526;6222;2046;3189;2051;2056
2996;3022;5523;5528;6222;2046;3189;2051;2056
2996;3022;5523;5529;6222;2046;3189;2051;2056
2996;3022;5523;5530;6222;2046;3189;2051;2056
2996;3022;5520;5528;6222;2046;3189;2051;2056
2996;3022;5520;5529;6222;2046;3189;2051;2056
2996;3022;5520;5530;6222;2046;3189;2051;2056
2996;3022;5523;5526;6223;2046;3189;2051;2056
2996;3022;5523;5528;6223;2046;3189;2051;2056
2996;3022;5523;5529;6223;2046;3189;2051;2056
2996;3022;5523;5530;6223;2046;3189;2051;2056
2996;3022;5520;5528;6223;2046;3189;2051;2056
2996;3022;5520;5529;6223;2046;3189;2051;2056
2996;3022;5520;5530;6223;2046;3189;2051;2056
2996;3023;5523;5526;6222;2046;3189;2051;2056
2996;3023;5523;5526;6223;2046;3189;2051;2056
2996;3024;5523;5526;6222;2046;3189;2051;2056
2996;3024;5523;5526;6223;2046;3189;2051;2056
3001;3022;5523;5526;6224;2046;3189;2051;2056
3001;3024;5523;5526;6224;2046;3189;2051;2056
2996;3022;5523;5526;6224;2046;3189;2051;2056
2991;3022;5520;5527;6223;2046;3189;2051;2056
3000;3022;5523;5526;6223;2046;3189;2051;2056
2996;3022;5521;5526;6223;2046;3189;2051;2056
2986;3022;5520;5526;6222;2046;3189;2051;2056
2986;3024;5520;5526;6223;2046;3189;2051;2056
2996;3022;5520;5526;6224;2046;3189;2051;2056
2995;3022;5520;5529;6223;2046;3189;2051;2056
2995;3023;5520;5529;6223;2046;3189;2051;2056
2996;3023;5522;5527;6222;2046;3189;2051;2056
2986;3022;5521;5526;6222;2046;3189;2051;2056
2986;3022;5521;5526;6222;2758;3189;2051;2056
2986;3022;5521;5526;6222;2048;3189;2051;2056
2986;3022;5521;5526;6222;2046;6897;2051;2056
2986;3022;5521;5526;6222;2046;6898;2051;2056
2986;3022;5521;5526;6222;2046;6900;2051;2056
2986;3022;5521;5526;6222;2046;3189;2444;2056
2986;3022;5521;5526;6222;2046;3189;2478;2056
2986;3022;5521;5526;6222;2046;3189;2051;6901
2986;3022;5521;5526;6222;2046;3189;2051;6902
2986;3022;5521;5526;6222;2046;3189;2051;2056;6921
2986;3022;5521;5526;6222;2046;3189;2051;2056;6923
2986;3022;5521;5526;6222;2046;3189;2051;2056;6916
2986;3022;5521;5526;6222;2046;3189;2051;2056;2050
2986;3022;5521;5526;6222;2046;3189;2051;2056;2040
2986;3022;5521;5526;6222;2046;3189;2051;2056;6903
2986;3022;5521;5526;6222;2046;3189;2051;2056;6909
