2014;2935;3084;4067;2125;2118;2114;2026;3222;2067
2014;3084;3988;4067;2125;2118;2114;2026;3222;2067
2014;2935;3084;4484;2125;2118;2114;2026;3222;2067
2014;3084;3988;4484;2125;2118;2114;2026;3222;2067
2014;2567;2935;4067;2125;2118;2114;2026;3222;2067
2014;2567;3988;4067;2125;2118;2114;2026;3222;2067
2014;2567;2935;4484;2125;2118;2114;2026;3222;2067
2014;2567;3988;4484;2125;2118;2114;2026;3222;2067
2014;2567;2935;4068;2125;2118;2114;2026;3222;2067
2014;2935;3084;4068;2125;2118;2114;2026;3222;2067
2567;2935;3445;4067;2125;2118;2114;2026;3222;2067
2935;3084;3445;4067;2125;2118;2114;2026;3222;2067
2567;3445;3988;4067;2125;2118;2114;2026;3222;2067
3084;3445;3988;4067;2125;2118;2114;2026;3222;2067
2567;2935;3445;4068;2125;2118;2114;2026;3222;2067
2935;3084;3445;4068;2125;2118;2114;2026;3222;2067
2567;3445;3988;4068;2125;2118;2114;2026;3222;2067
3084;3445;3988;4068;2125;2118;2114;2026;3222;2067
2567;2935;3445;4484;2125;2118;2114;2026;3222;2067
2935;3084;3445;4484;2125;2118;2114;2026;3222;2067
2567;3445;3988;4484;2125;2118;2114;2026;3222;2067
3084;3445;3988;4484;2125;2118;2114;2026;3222;2067
2014;2567;3988;4068;2125;2118;2114;2026;3222;2067
2014;3084;3988;4068;2125;2118;2114;2026;3222;2067
2014;2567;2957;4067;2125;2118;2114;2026;3222;2067
2014;2957;3084;4067;2125;2118;2114;2026;3222;2067
2567;2957;3445;4067;2125;2118;2114;2026;3222;2067
2957;3084;3445;4067;2125;2118;2114;2026;3222;2067
2014;2567;2957;4484;2125;2118;2114;2026;3222;2067
2014;2957;3084;4484;2125;2118;2114;2026;3222;2067
2567;2957;3445;4484;2125;2118;2114;2026;3222;2067
2957;3084;3445;4484;2125;2118;2114;2026;3222;2067
2014;2453;2567;4067;2125;2118;2114;2026;3222;2067
2014;2453;3084;4067;2125;2118;2114;2026;3222;2067
2453;2567;3445;4067;2125;2118;2114;2026;3222;2067
2453;3084;3445;4067;2125;2118;2114;2026;3222;2067
2014;2453;2567;4068;2125;2118;2114;2026;3222;2067
2014;2453;3084;4068;2125;2118;2114;2026;3222;2067
2453;2567;3445;4068;2125;2118;2114;2026;3222;2067
2453;3084;3445;4068;2125;2118;2114;2026;3222;2067
2014;2453;2567;4484;2125;2118;2114;2026;3222;2067
2014;2453;3084;4484;2125;2118;2114;2026;3222;2067
2453;2567;3445;4484;2125;2118;2114;2026;3222;2067
2453;3084;3445;4484;2125;2118;2114;2026;3222;2067
2453;2567;3950;4067;2125;2118;2114;2026;3222;2067
2453;3084;3950;4067;2125;2118;2114;2026;3222;2067
2567;2935;3950;4067;2125;2118;2114;2026;3222;2067
2935;3084;3950;4067;2125;2118;2114;2026;3222;2067
2567;2957;3950;4067;2125;2118;2114;2026;3222;2067
2957;3084;3950;4067;2125;2118;2114;2026;3222;2067
2567;3950;3988;4067;2125;2118;2114;2026;3222;2067
3084;3950;3988;4067;2125;2118;2114;2026;3222;2067
2453;2567;3950;4068;2125;2118;2114;2026;3222;2067
2453;3084;3950;4068;2125;2118;2114;2026;3222;2067
2567;2935;3950;4068;2125;2118;2114;2026;3222;2067
2935;3084;3950;4068;2125;2118;2114;2026;3222;2067
2567;2957;3950;4068;2125;2118;2114;2026;3222;2067
2957;3084;3950;4068;2125;2118;2114;2026;3222;2067
2567;3950;3988;4068;2125;2118;2114;2026;3222;2067
3084;3950;3988;4068;2125;2118;2114;2026;3222;2067
2453;2567;3950;4484;2125;2118;2114;2026;3222;2067
2453;3084;3950;4484;2125;2118;2114;2026;3222;2067
2567;2935;3950;4484;2125;2118;2114;2026;3222;2067
2935;3084;3950;4484;2125;2118;2114;2026;3222;2067
2567;2957;3950;4484;2125;2118;2114;2026;3222;2067
2957;3084;3950;4484;2125;2118;2114;2026;3222;2067
2567;3950;3988;4484;2125;2118;2114;2026;3222;2067
3084;3950;3988;4484;2125;2118;2114;2026;3222;2067
2014;2567;2957;4068;2125;2118;2114;2026;3222;2067
2014;2957;3084;4068;2125;2118;2114;2026;3222;2067
2567;2957;3445;4068;2125;2118;2114;2026;3222;2067
2957;3084;3445;4068;2125;2118;2114;2026;3222;2067
2014;2453;2568;4067;2125;2118;2114;2026;3222;2067
2453;2568;3445;4067;2125;2118;2114;2026;3222;2067
2014;2568;2935;4067;2125;2118;2114;2026;3222;2067
2568;2935;3445;4067;2125;2118;2114;2026;3222;2067
2014;2568;2957;4067;2125;2118;2114;2026;3222;2067
2568;2957;3445;4067;2125;2118;2114;2026;3222;2067
2014;2568;3988;4067;2125;2118;2114;2026;3222;2067
2568;3445;3988;4067;2125;2118;2114;2026;3222;2067
2014;2453;2568;4068;2125;2118;2114;2026;3222;2067
2453;2568;3445;4068;2125;2118;2114;2026;3222;2067
2014;2568;2935;4068;2125;2118;2114;2026;3222;2067
2568;2935;3445;4068;2125;2118;2114;2026;3222;2067
2014;2568;2957;4068;2125;2118;2114;2026;3222;2067
2568;2957;3445;4068;2125;2118;2114;2026;3222;2067
2014;2568;3988;4068;2125;2118;2114;2026;3222;2067
2568;3445;3988;4068;2125;2118;2114;2026;3222;2067
2014;2453;2568;4484;2125;2118;2114;2026;3222;2067
2453;2568;3445;4484;2125;2118;2114;2026;3222;2067
2014;2568;2935;4484;2125;2118;2114;2026;3222;2067
2568;2935;3445;4484;2125;2118;2114;2026;3222;2067
2014;2568;2957;4484;2125;2118;2114;2026;3222;2067
2568;2957;3445;4484;2125;2118;2114;2026;3222;2067
2014;2568;3988;4484;2125;2118;2114;2026;3222;2067
2568;3445;3988;4484;2125;2118;2114;2026;3222;2067
2453;2568;3950;4067;2125;2118;2114;2026;3222;2067
2568;2935;3950;4067;2125;2118;2114;2026;3222;2067
2568;2957;3950;4067;2125;2118;2114;2026;3222;2067
2568;3950;3988;4067;2125;2118;2114;2026;3222;2067
2453;2568;3950;4068;2125;2118;2114;2026;3222;2067
2568;2935;3950;4068;2125;2118;2114;2026;3222;2067
2568;2957;3950;4068;2125;2118;2114;2026;3222;2067
2568;3950;3988;4068;2125;2118;2114;2026;3222;2067
2453;2568;3950;4484;2125;2118;2114;2026;3222;2067
2568;2935;3950;4484;2125;2118;2114;2026;3222;2067
2568;2957;3950;4484;2125;2118;2114;2026;3222;2067
2568;3950;3988;4484;2125;2118;2114;2026;3222;2067
2014;2935;3084;4067;2125;2118;2114;2026;3222;2067
2014;2935;3084;4067;2126;2118;2114;2026;3222;2067
2014;2935;3084;4067;2128;2118;2114;2026;3222;2067
2014;2935;3084;4067;6873;2118;2114;2026;3222;2067
2014;2935;3084;4067;2124;2118;2114;2026;3222;2067
2014;2935;3084;4067;2125;2120;2114;2026;3222;2067
2014;2935;3084;4067;2125;2122;2114;2026;3222;2067
2014;2935;3084;4067;2125;2118;2115;2026;3222;2067
2014;2935;3084;4067;2125;2118;8565;2026;3222;2067
2014;2935;3084;4067;2125;2118;2475;2026;3222;2067
2014;2935;3084;4067;2125;2118;3304;2026;3222;2067
2014;2935;3084;4067;2125;2118;2114;9630;3222;2067
2014;2935;3084;4067;2125;2118;2114;2027;3222;2067
2014;2935;3084;4067;2125;2118;2114;2026;3223;2067
2014;2935;3084;4067;2125;2118;2114;2026;3222;2965
2014;2935;3084;4067;2125;2118;2114;2026;3222;2070
2014;2935;3084;4067;2125;2118;2114;2026;3222;2069
2014;2935;3084;4067;2125;2118;2114;2026;3222;2067;3169
2014;2935;3084;4067;2125;2118;2114;2026;3222;2067;2130
2014;2935;3084;4067;2125;2118;2114;2026;3222;2067;2135
2014;2935;3084;4067;2125;2118;2114;2026;3222;2067;6985
2014;2935;3084;4067;2125;2118;2114;2026;3222;2067;2047
2014;2935;3084;4067;2125;2118;2114;2026;3222;2067;2103
2014;2935;3084;4067;2125;2118;2114;2026;3222;2067;2105
2014;2935;3084;4067;2125;2118;2114;2026;3222;2067;2109
2014;2935;3084;4067;2125;2118;2114;2026;3222;2067;6948
