3001;3022;5523;5526;6224;2046;3189;2051;2056
2986;3022;5520;5529;6223;2046;3189;2051;2056
3001;3022;5523;5529;6223;2046;3189;2051;2056
3001;3022;5523;5526;6224;2046;3189;2051;2056
3001;3022;5523;5526;6224;2758;3189;2051;2056
3001;3022;5523;5526;6224;2048;3189;2051;2056
3001;3022;5523;5526;6224;2046;6897;2051;2056
3001;3022;5523;5526;6224;2046;6898;2051;2056
3001;3022;5523;5526;6224;2046;6900;2051;2056
3001;3022;5523;5526;6224;2046;3189;2444;2056
3001;3022;5523;5526;6224;2046;3189;2478;2056
3001;3022;5523;5526;6224;2046;3189;2051;6901
3001;3022;5523;5526;6224;2046;3189;2051;6902
3001;3022;5523;5526;6224;2046;3189;2051;2056;6921
3001;3022;5523;5526;6224;2046;3189;2051;2056;6923
3001;3022;5523;5526;6224;2046;3189;2051;2056;6916
3001;3022;5523;5526;6224;2046;3189;2051;2056;2050
3001;3022;5523;5526;6224;2046;3189;2051;2056;2040
3001;3022;5523;5526;6224;2046;3189;2051;2056;6903
3001;3022;5523;5526;6224;2046;3189;2051;2056;6909
