2990;3022;5523;5526;6222;2046;3189;2051;2056
2990;3022;5523;5526;6223;2046;3189;2051;2056
2986;3022;5523;5526;6223;2046;3189;2051;2056
2990;3022;5523;5526;6222;2046;3189;2051;2056
2990;3022;5523;5526;6222;2758;3189;2051;2056
2990;3022;5523;5526;6222;2048;3189;2051;2056
2990;3022;5523;5526;6222;2046;6897;2051;2056
2990;3022;5523;5526;6222;2046;6898;2051;2056
2990;3022;5523;5526;6222;2046;6900;2051;2056
2990;3022;5523;5526;6222;2046;3189;2444;2056
2990;3022;5523;5526;6222;2046;3189;2478;2056
2990;3022;5523;5526;6222;2046;3189;2051;6901
2990;3022;5523;5526;6222;2046;3189;2051;6902
2990;3022;5523;5526;6222;2046;3189;2051;2056;6921
2990;3022;5523;5526;6222;2046;3189;2051;2056;6923
2990;3022;5523;5526;6222;2046;3189;2051;2056;6916
2990;3022;5523;5526;6222;2046;3189;2051;2056;2050
2990;3022;5523;5526;6222;2046;3189;2051;2056;2040
2990;3022;5523;5526;6222;2046;3189;2051;2056;6903
2990;3022;5523;5526;6222;2046;3189;2051;2056;6909
