3022;3220;5520;5530;6224;2046;3189;2051;2056
3022;3220;5520;5532;6224;2046;3189;2051;2056
3023;3220;5520;5530;6224;2046;3189;2051;2056
3023;3220;5520;5531;6224;2046;3189;2051;2056
3023;3220;5520;5532;6224;2046;3189;2051;2056
3024;3220;5520;5530;6224;2046;3189;2051;2056
3023;3221;5520;5530;6224;2046;3189;2051;2056
3023;3221;5520;5532;6224;2046;3189;2051;2056
3024;3221;5520;5530;6224;2046;3189;2051;2056
3022;3989;5523;5528;6224;2046;3189;2051;2056
3022;3989;5523;5529;6224;2046;3189;2051;2056
3022;3989;5520;5530;6224;2046;3189;2051;2056
3024;3989;5520;5530;6224;2046;3189;2051;2056
3022;3990;5520;5530;6224;2046;3189;2051;2056
3022;3990;5520;5533;6224;2046;3189;2051;2056
3023;3990;5520;5530;6224;2046;3189;2051;2056
3024;3220;5520;5527;6224;2046;3189;2051;2056
3023;3221;5520;5533;6224;2046;3189;2051;2056
3022;3220;5520;5531;6224;2046;3189;2051;2056
3023;3220;5523;5526;6224;2046;3189;2051;2056
3023;3220;5520;5529;6224;2046;3189;2051;2056
3022;5205;5520;5530;6224;2046;3189;2051;2056
3024;5205;5520;5530;6224;2046;3189;2051;2056
3023;3990;5523;5533;6224;2046;3189;2051;2056
3022;3220;5520;5528;6224;2046;3189;2051;2056
3022;3220;5523;5526;6224;2046;3189;2051;2056
3022;3220;5523;5527;6224;2046;3189;2051;2056
3023;3220;5523;5527;6224;2046;3189;2051;2056
3024;5205;5520;5526;6224;2046;3189;2051;2056
3023;3989;5520;5530;6224;2046;3189;2051;2056
3023;3220;5523;5529;6224;2046;3189;2051;2056
3022;3221;5520;5528;6224;2046;3189;2051;2056
3022;3990;5520;5528;6224;2046;3189;2051;2056
3022;3220;5523;5529;6224;2046;3189;2051;2056
3024;3989;5520;5529;6224;2046;3189;2051;2056
3024;3989;5523;5529;6224;2046;3189;2051;2056
3022;3989;5523;5530;6224;2046;3189;2051;2056
3024;3990;5520;5530;6224;2046;3189;2051;2056
3024;3220;5520;5529;6224;2046;3189;2051;2056
3022;5205;5523;5526;6224;2046;3189;2051;2056
3022;3220;5520;5529;6224;2046;3189;2051;2056
3022;3221;5520;5530;6224;2046;3189;2051;2056
3022;3221;5520;5532;6224;2046;3189;2051;2056
3024;3220;5523;5526;6224;2046;3189;2051;2056
3023;3220;5523;5530;6224;2046;3189;2051;2056
3022;3989;5520;5526;6224;2046;3189;2051;2056
3022;3220;5520;5526;6224;2046;3189;2051;2056
3022;3221;5523;5530;6224;2046;3189;2051;2056
3023;3221;5523;5530;6224;2046;3189;2051;2056
3023;5205;5520;5530;6224;2046;3189;2051;2056
3024;3220;5520;5526;6224;2046;3189;2051;2056
3022;3989;5523;5526;6224;2046;3189;2051;2056
3022;3220;5523;5528;6224;2046;3189;2051;2056
3022;5205;5520;5529;6224;2046;3189;2051;2056
3022;3220;5520;5530;6224;2046;3189;2051;2056
3022;3220;5520;5530;6224;2758;3189;2051;2056
3022;3220;5520;5530;6224;2048;3189;2051;2056
3022;3220;5520;5530;6224;2046;6897;2051;2056
3022;3220;5520;5530;6224;2046;6898;2051;2056
3022;3220;5520;5530;6224;2046;6900;2051;2056
3022;3220;5520;5530;6224;2046;3189;2444;2056
3022;3220;5520;5530;6224;2046;3189;2478;2056
3022;3220;5520;5530;6224;2046;3189;2051;6901
3022;3220;5520;5530;6224;2046;3189;2051;6902
3022;3220;5520;5530;6224;2046;3189;2051;2056;6921
3022;3220;5520;5530;6224;2046;3189;2051;2056;6923
3022;3220;5520;5530;6224;2046;3189;2051;2056;6916
3022;3220;5520;5530;6224;2046;3189;2051;2056;2050
3022;3220;5520;5530;6224;2046;3189;2051;2056;2040
3022;3220;5520;5530;6224;2046;3189;2051;2056;6903
3022;3220;5520;5530;6224;2046;3189;2051;2056;6909
