3989;4634;5523;5528;6224;2046;3189;2051;2056
3989;4634;5523;5529;6224;2046;3189;2051;2056
3989;4634;5523;5528;6226;2046;3189;2051;2056
3989;4634;5523;5529;6226;2046;3189;2051;2056
3989;4635;5523;5528;6224;2046;3189;2051;2056
3989;4635;5523;5529;6224;2046;3189;2051;2056
3989;4635;5523;5528;6226;2046;3189;2051;2056
3989;4635;5523;5529;6226;2046;3189;2051;2056
3989;4635;5523;5530;6228;2046;3189;2051;2056
3990;4634;5523;5528;6224;2046;3189;2051;2056
3990;4634;5523;5529;6224;2046;3189;2051;2056
3990;4634;5523;5528;6226;2046;3189;2051;2056
3990;4634;5523;5529;6226;2046;3189;2051;2056
3990;4634;5523;5530;6226;2046;3189;2051;2056
4635;5205;5523;5530;6224;2046;3189;2051;2056
4634;5206;5523;5530;6226;2046;3189;2051;2056
3990;4634;5523;5530;6224;2046;3189;2051;2056
3990;4634;5523;5532;6226;2046;3189;2051;2056
3990;4634;5523;5531;6226;2046;3189;2051;2056
4634;5205;5523;5530;6224;2046;3189;2051;2056
4635;5205;5523;5530;6226;2046;3189;2051;2056
4634;5205;5523;5532;6224;2046;3189;2051;2056
4635;5205;5520;5530;6226;2046;3189;2051;2056
3990;4634;5520;5533;6226;2046;3189;2051;2056
4635;5206;5523;5530;6224;2046;3189;2051;2056
4634;5206;5523;5530;6228;2046;3189;2051;2056
3989;4635;5524;5532;6228;2046;3189;2051;2056
3989;4634;5520;5529;6224;2046;3189;2051;2056
3990;4634;5520;5530;6226;2046;3189;2051;2056
4635;5206;5520;5530;6224;2046;3189;2051;2056
4635;5206;5520;5530;6226;2046;3189;2051;2056
4635;5206;5523;5530;6226;2046;3189;2051;2056
4634;5205;5520;5530;6226;2046;3189;2051;2056
4634;5205;5520;5530;6224;2046;3189;2051;2056
3989;4635;5523;5530;6224;2046;3189;2051;2056
4635;5205;5523;5529;6224;2046;3189;2051;2056
3990;4635;5523;5530;6224;2046;3189;2051;2056
3990;4634;5520;5529;6224;2046;3189;2051;2056
4635;5205;5520;5528;6228;2046;3189;2051;2056
4634;5205;5520;5528;6224;2046;3189;2051;2056
4634;5205;5523;5528;6224;2046;3189;2051;2056
4634;5206;5520;5530;6226;2046;3189;2051;2056
3989;4634;5520;5530;6224;2046;3189;2051;2056
4634;5206;5523;5529;6226;2046;3189;2051;2056
4634;5206;5520;5529;6226;2046;3189;2051;2056
4635;5205;5524;5528;6224;2046;3189;2051;2056
3989;4634;5523;5530;6226;2046;3189;2051;2056
4634;5205;5523;5530;6226;2046;3189;2051;2056
4634;5205;5524;5530;6226;2046;3189;2051;2056
4634;5205;5524;5530;6224;2046;3189;2051;2056
4634;5206;5523;5530;6224;2046;3189;2051;2056
3990;4635;5523;5529;6224;2046;3189;2051;2056
4635;5206;5520;5528;6224;2046;3189;2051;2056
4635;5206;5523;5528;6224;2046;3189;2051;2056
4634;5206;5520;5528;6224;2046;3189;2051;2056
3990;4634;5520;5528;6226;2046;3189;2051;2056
3990;4634;5520;5530;6224;2046;3189;2051;2056
4635;5205;5520;5530;6224;2046;3189;2051;2056
3989;4634;5523;5528;6224;2046;3189;2051;2056
3989;4634;5523;5528;6224;2758;3189;2051;2056
3989;4634;5523;5528;6224;2048;3189;2051;2056
3989;4634;5523;5528;6224;2046;6897;2051;2056
3989;4634;5523;5528;6224;2046;6898;2051;2056
3989;4634;5523;5528;6224;2046;6900;2051;2056
3989;4634;5523;5528;6224;2046;3189;2444;2056
3989;4634;5523;5528;6224;2046;3189;2478;2056
3989;4634;5523;5528;6224;2046;3189;2051;6901
3989;4634;5523;5528;6224;2046;3189;2051;6902
3989;4634;5523;5528;6224;2046;3189;2051;2056;6921
3989;4634;5523;5528;6224;2046;3189;2051;2056;6923
3989;4634;5523;5528;6224;2046;3189;2051;2056;6916
3989;4634;5523;5528;6224;2046;3189;2051;2056;2050
3989;4634;5523;5528;6224;2046;3189;2051;2056;2040
3989;4634;5523;5528;6224;2046;3189;2051;2056;6903
3989;4634;5523;5528;6224;2046;3189;2051;2056;6909
