4635;5205;5524;5529;6224;2046;3189;2051;2056
4636;5205;5524;5529;6224;2046;3189;2051;2056
4634;5206;5523;5528;6224;2046;3189;2051;2056
4634;5206;5523;5529;6224;2046;3189;2051;2056
4635;5206;5524;5529;6224;2046;3189;2051;2056
4635;5206;5524;5529;6226;2046;3189;2051;2056
4634;5206;5520;5532;6224;2046;3189;2051;2056
4635;5205;5523;5529;6224;2046;3189;2051;2056
4635;5206;5520;5532;6226;2046;3189;2051;2056
4636;5205;5524;5526;6224;2046;3189;2051;2056
4635;5205;5524;5529;6226;2046;3189;2051;2056
4635;5206;5524;5530;6226;2046;3189;2051;2056
4635;5205;5520;5532;6224;2046;3189;2051;2056
4635;5206;5523;5529;6224;2046;3189;2051;2056
4634;5206;5523;5530;6226;2046;3189;2051;2056
4634;5206;5523;5534;6226;2046;3189;2051;2056
4636;5205;5520;5532;6224;2046;3189;2051;2056
4636;5205;5524;5529;6226;2046;3189;2051;2056
4635;5206;5520;5532;6224;2046;3189;2051;2056
4634;5205;5523;5529;6224;2046;3189;2051;2056
4634;5206;5520;5532;6226;2046;3189;2051;2056
4636;5206;5523;5529;6224;2046;3189;2051;2056
4635;5205;5520;5529;6224;2046;3189;2051;2056
4636;5205;5523;5529;6224;2046;3189;2051;2056
4635;5205;5524;5530;6226;2046;3189;2051;2056
4635;5205;5523;5526;6224;2046;3189;2051;2056
4634;5205;5520;5532;6224;2046;3189;2051;2056
4636;5205;5523;5526;6224;2046;3189;2051;2056
4636;5205;5523;5532;6226;2046;3189;2051;2056
4636;5205;5520;5532;6226;2046;3189;2051;2056
4634;5206;5520;5534;6227;2046;3189;2051;2056
4634;5206;5520;5532;6227;2046;3189;2051;2056
4636;5205;5520;5529;6224;2046;3189;2051;2056
4636;5205;5524;5530;6224;2046;3189;2051;2056
4635;5206;5523;5529;6226;2046;3189;2051;2056
4634;5206;5523;5529;6226;2046;3189;2051;2056
4635;5205;5523;5529;6226;2046;3189;2051;2056
4635;5205;5523;5530;6224;2046;3189;2051;2056
4635;5205;5523;5532;6224;2046;3189;2051;2056
4636;5205;5520;5531;6224;2046;3189;2051;2056
4634;5206;5520;5529;6224;2046;3189;2051;2056
4634;5206;5524;5529;6224;2046;3189;2051;2056
4634;5206;5524;5528;6224;2046;3189;2051;2056
4618;5206;5523;5529;6224;2046;3189;2051;2056
4618;5205;5520;5526;6224;2046;3189;2051;2056
4636;5206;5520;5530;6224;2046;3189;2051;2056
4634;5206;5520;5530;6224;2046;3189;2051;2056
4618;5205;5523;5530;6224;2046;3189;2051;2056
4635;5205;5524;5528;6224;2046;3189;2051;2056
4618;5205;5523;5526;6224;2046;3189;2051;2056
4634;5205;5523;5526;6224;2046;3189;2051;2056
4634;5205;5520;5532;6226;2046;3189;2051;2056
4635;5206;5520;5526;6227;2046;3189;2051;2056
4636;5205;5523;5530;6224;2046;3189;2051;2056
4635;5206;5520;5529;6224;2046;3189;2051;2056
4635;5205;5520;5530;6224;2046;3189;2051;2056
4634;5206;5523;5532;6226;2046;3189;2051;2056
4636;5205;5523;5534;6224;2046;3189;2051;2056
4635;5206;5523;5534;6224;2046;3189;2051;2056
4635;5206;5524;5534;6224;2046;3189;2051;2056
4635;5206;5524;5532;6224;2046;3189;2051;2056
4635;5206;5524;5528;6224;2046;3189;2051;2056
4618;5205;5520;5532;6224;2046;3189;2051;2056
4618;5206;5520;5532;6224;2046;3189;2051;2056
4618;5206;5523;5526;6224;2046;3189;2051;2056
4618;5206;5523;5526;6226;2046;3189;2051;2056
4636;5206;5523;5529;6226;2046;3189;2051;2056
4636;5206;5523;5532;6226;2046;3189;2051;2056
4618;5205;5523;5528;6224;2046;3189;2051;2056
4635;5205;5520;5531;6226;2046;3189;2051;2056
4635;5205;5520;5526;6224;2046;3189;2051;2056
4618;5205;5523;5529;6224;2046;3189;2051;2056
4635;5206;5524;5530;6224;2046;3189;2051;2056
4635;5206;5523;5530;6224;2046;3189;2051;2056
4635;5206;5523;5532;6224;2046;3189;2051;2056
4635;5205;5520;5532;6226;2046;3189;2051;2056
4634;5205;5524;5532;6226;2046;3189;2051;2056
4635;5205;5520;5530;6226;2046;3189;2051;2056
4618;5205;5524;5526;6224;2046;3189;2051;2056
4618;5205;5524;5529;6224;2046;3189;2051;2056
4636;5205;5523;5532;6224;2046;3189;2051;2056
4634;5205;5520;5526;6224;2046;3189;2051;2056
4634;5206;5523;5526;6224;2046;3189;2051;2056
4634;5206;5520;5530;6226;2046;3189;2051;2056
4634;5205;5520;5529;6224;2046;3189;2051;2056
4618;5205;5523;5531;6224;2046;3189;2051;2056
4634;5205;5523;5532;6226;2046;3189;2051;2056
4634;5205;5523;5529;6226;2046;3189;2051;2056
4634;5206;5523;5532;6224;2046;3189;2051;2056
4634;5206;5524;5532;6224;2046;3189;2051;2056
4635;5205;5524;5529;6224;2046;3189;2051;2056
4635;5205;5524;5529;6224;2758;3189;2051;2056
4635;5205;5524;5529;6224;2048;3189;2051;2056
4635;5205;5524;5529;6224;2046;6897;2051;2056
4635;5205;5524;5529;6224;2046;6898;2051;2056
4635;5205;5524;5529;6224;2046;6900;2051;2056
4635;5205;5524;5529;6224;2046;3189;2444;2056
4635;5205;5524;5529;6224;2046;3189;2478;2056
4635;5205;5524;5529;6224;2046;3189;2051;6901
4635;5205;5524;5529;6224;2046;3189;2051;6902
4635;5205;5524;5529;6224;2046;3189;2051;2056;6921
4635;5205;5524;5529;6224;2046;3189;2051;2056;6923
4635;5205;5524;5529;6224;2046;3189;2051;2056;6916
4635;5205;5524;5529;6224;2046;3189;2051;2056;2050
4635;5205;5524;5529;6224;2046;3189;2051;2056;2040
4635;5205;5524;5529;6224;2046;3189;2051;2056;6903
4635;5205;5524;5529;6224;2046;3189;2051;2056;6909
