3020;3221;5523;5530;6226;2046;3189;2051;2056
3022;3221;5523;5529;6224;2046;3189;2051;2056
3020;3221;5523;5529;6226;2046;3189;2051;2056
3022;3221;5523;5529;6226;2046;3189;2051;2056
3022;3221;5523;5530;6226;2046;3189;2051;2056
3020;3221;5523;5530;6226;2046;3189;2051;2056
3020;3221;5523;5530;6226;2758;3189;2051;2056
3020;3221;5523;5530;6226;2048;3189;2051;2056
3020;3221;5523;5530;6226;2046;6897;2051;2056
3020;3221;5523;5530;6226;2046;6898;2051;2056
3020;3221;5523;5530;6226;2046;6900;2051;2056
3020;3221;5523;5530;6226;2046;3189;2444;2056
3020;3221;5523;5530;6226;2046;3189;2478;2056
3020;3221;5523;5530;6226;2046;3189;2051;6901
3020;3221;5523;5530;6226;2046;3189;2051;6902
3020;3221;5523;5530;6226;2046;3189;2051;2056;4093
3020;3221;5523;5530;6226;2046;3189;2051;2056;6921
3020;3221;5523;5530;6226;2046;3189;2051;2056;6923
3020;3221;5523;5530;6226;2046;3189;2051;2056;6916
3020;3221;5523;5530;6226;2046;3189;2051;2056;2050
3020;3221;5523;5530;6226;2046;3189;2051;2056;2040
3020;3221;5523;5530;6226;2046;3189;2051;2056;6903
3020;3221;5523;5530;6226;2046;3189;2051;2056;6909
