3022;3989;5523;5526;6224;2046;3189;2051;2056
3022;3989;5523;5528;6224;2046;3189;2051;2056
3022;3989;5523;5529;6224;2046;3189;2051;2056
3022;5205;5523;5526;6222;2046;3189;2051;2056
3022;5205;5523;5526;6223;2046;3189;2051;2056
3022;5205;5524;5526;6224;2046;3189;2051;2056
3022;5205;5524;5528;6224;2046;3189;2051;2056
3022;5206;5523;5526;6222;2046;3189;2051;2056
3022;5206;5523;5526;6223;2046;3189;2051;2056
3022;5206;5523;5528;6224;2046;3189;2051;2056
3022;5206;5523;5529;6224;2046;3189;2051;2056
3022;5206;5524;5528;6224;2046;3189;2051;2056
3022;5524;5528;6222;6283;2046;3189;2051;2056
3022;5524;5528;6223;6283;2046;3189;2051;2056
3022;5520;5530;6224;6283;2046;3189;2051;2056
3022;5206;5524;5529;6224;2046;3189;2051;2056
3022;5524;5529;6223;6283;2046;3189;2051;2056
3022;3239;5524;5529;6224;2046;3189;2051;2056
3022;3239;5524;5529;6223;2046;3189;2051;2056
3022;3239;5520;5530;6224;2046;3189;2051;2056
3022;5524;5529;6224;6283;2046;3189;2051;2056
3022;5205;5524;5529;6224;2046;3189;2051;2056
3022;5205;5524;5526;6223;2046;3189;2051;2056
3022;3239;5520;5532;6224;2046;3189;2051;2056
3022;4693;5524;5526;6224;2046;3189;2051;2056
3022;3239;5524;5526;6223;2046;3189;2051;2056
3022;5205;5524;5529;6223;2046;3189;2051;2056
3022;3239;5520;5530;6223;2046;3189;2051;2056
3022;5524;5530;6224;6283;2046;3189;2051;2056
3020;5206;5523;5526;6223;2046;3189;2051;2056
3022;4693;5523;5526;6223;2046;3189;2051;2056
3022;4693;5523;5529;6223;2046;3189;2051;2056
3022;4693;5523;5526;6224;2046;3189;2051;2056
3022;5520;5532;6224;6283;2046;3189;2051;2056
3022;3989;5523;5526;6223;2046;3189;2051;2056
3022;5520;5529;6224;6283;2046;3189;2051;2056
3022;5205;5523;5528;6223;2046;3189;2051;2056
3022;5205;5520;5529;6224;2046;3189;2051;2056
3022;5205;5523;5529;6224;2046;3189;2051;2056
3022;3239;5523;5526;6223;2046;3189;2051;2056
3022;5205;5520;5529;6223;2046;3189;2051;2056
3022;5523;5529;6224;6283;2046;3189;2051;2056
3022;3220;5520;5529;6223;2046;3189;2051;2056
3022;3239;5523;5526;6224;2046;3189;2051;2056
3020;5206;5523;5529;6223;2046;3189;2051;2056
3022;5206;5523;5529;6223;2046;3189;2051;2056
3020;5206;5523;5529;6224;2046;3189;2051;2056
3022;3239;5523;5529;6224;2046;3189;2051;2056
3022;3239;5520;5529;6223;2046;3189;2051;2056
3022;5205;5524;5530;6224;2046;3189;2051;2056
3020;5205;5524;5530;6224;2046;3189;2051;2056
3020;5206;5523;5528;6222;2046;3189;2051;2056
3022;3989;5523;5529;6223;2046;3189;2051;2056
3022;3239;5523;5529;6223;2046;3189;2051;2056
3022;3239;5523;5528;6223;2046;3189;2051;2056
3022;5205;5523;5529;6222;2046;3189;2051;2056
3020;3220;5523;5529;6223;2046;3189;2051;2056
3022;5205;5524;5530;6225;2046;3189;2051;2056
3022;5205;5523;5529;6223;2046;3189;2051;2056
3020;5205;5523;5529;6223;2046;3189;2051;2056
3022;3989;5523;5526;6224;2046;3189;2051;2056
3022;3989;5523;5526;6224;2758;3189;2051;2056
3022;3989;5523;5526;6224;2048;3189;2051;2056
3022;3989;5523;5526;6224;2046;6897;2051;2056
3022;3989;5523;5526;6224;2046;6898;2051;2056
3022;3989;5523;5526;6224;2046;6900;2051;2056
3022;3989;5523;5526;6224;2046;3189;2444;2056
3022;3989;5523;5526;6224;2046;3189;2478;2056
3022;3989;5523;5526;6224;2046;3189;2051;6901
3022;3989;5523;5526;6224;2046;3189;2051;6902
3022;3989;5523;5526;6224;2046;3189;2051;2056;6921
3022;3989;5523;5526;6224;2046;3189;2051;2056;6923
3022;3989;5523;5526;6224;2046;3189;2051;2056;6916
3022;3989;5523;5526;6224;2046;3189;2051;2056;2050
3022;3989;5523;5526;6224;2046;3189;2051;2056;2040
3022;3989;5523;5526;6224;2046;3189;2051;2056;6903
3022;3989;5523;5526;6224;2046;3189;2051;2056;6909
