2990;3020;5520;5530;6222;2046;3189;2051;2056
2990;3020;5520;5530;6223;2046;3189;2051;2056
2990;3024;5521;5526;6222;2046;3189;2051;2056
2990;3024;5522;5526;6222;2046;3189;2051;2056
2990;3024;5521;5526;6223;2046;3189;2051;2056
2990;3024;5522;5526;6223;2046;3189;2051;2056
2995;3020;5523;5526;6222;2046;3189;2051;2056
2995;3020;5523;5528;6222;2046;3189;2051;2056
2995;3020;5523;5529;6222;2046;3189;2051;2056
2995;3020;5520;5528;6222;2046;3189;2051;2056
2995;3020;5520;5529;6222;2046;3189;2051;2056
2995;3020;5523;5526;6223;2046;3189;2051;2056
2995;3020;5523;5528;6223;2046;3189;2051;2056
2995;3020;5523;5529;6223;2046;3189;2051;2056
2995;3020;5520;5528;6223;2046;3189;2051;2056
2995;3020;5520;5529;6223;2046;3189;2051;2056
2995;3020;5523;5526;6224;2046;3189;2051;2056
2995;3020;5520;5528;6224;2046;3189;2051;2056
2995;3020;5520;5529;6224;2046;3189;2051;2056
2995;3020;5520;5530;6224;2046;3189;2051;2056
2995;3020;5520;5532;6224;2046;3189;2051;2056
2995;3020;5523;5526;6225;2046;3189;2051;2056
2995;3020;5523;5526;6226;2046;3189;2051;2056
2995;3020;5520;5530;6226;2046;3189;2051;2056
2995;3022;5521;5526;6222;2046;3189;2051;2056
2995;3022;5522;5526;6222;2046;3189;2051;2056
2995;3022;5523;5526;6222;2046;3189;2051;2056
2995;3022;5520;5528;6222;2046;3189;2051;2056
2995;3022;5520;5529;6222;2046;3189;2051;2056
2995;3022;5520;5530;6222;2046;3189;2051;2056
2995;3022;5520;5532;6222;2046;3189;2051;2056
2995;3022;5521;5526;6223;2046;3189;2051;2056
2995;3022;5522;5526;6223;2046;3189;2051;2056
2995;3022;5523;5526;6223;2046;3189;2051;2056
2995;3022;5520;5528;6223;2046;3189;2051;2056
2995;3022;5520;5529;6223;2046;3189;2051;2056
2995;3022;5520;5530;6223;2046;3189;2051;2056
2995;3022;5520;5532;6223;2046;3189;2051;2056
2995;3022;5521;5526;6224;2046;3189;2051;2056
2995;3022;5522;5526;6224;2046;3189;2051;2056
2995;3022;5523;5526;6224;2046;3189;2051;2056
2995;3022;5520;5528;6224;2046;3189;2051;2056
2995;3022;5520;5529;6224;2046;3189;2051;2056
2995;3022;5520;5530;6224;2046;3189;2051;2056
2995;3022;5520;5532;6224;2046;3189;2051;2056
2995;3022;5523;5526;6225;2046;3189;2051;2056
2995;3022;5520;5528;6225;2046;3189;2051;2056
2995;3022;5520;5529;6225;2046;3189;2051;2056
2995;3022;5520;5530;6225;2046;3189;2051;2056
2995;3022;5520;5532;6225;2046;3189;2051;2056
2995;3022;5523;5526;6226;2046;3189;2051;2056
2995;3022;5520;5530;6226;2046;3189;2051;2056
2995;3024;5523;5526;6222;2046;3189;2051;2056
2995;3024;5520;5528;6222;2046;3189;2051;2056
2995;3024;5520;5529;6222;2046;3189;2051;2056
2995;3024;5523;5526;6223;2046;3189;2051;2056
2995;3024;5520;5528;6223;2046;3189;2051;2056
2995;3024;5520;5529;6223;2046;3189;2051;2056
2995;3024;5523;5526;6224;2046;3189;2051;2056
2995;3024;5520;5530;6224;2046;3189;2051;2056
3000;3020;5523;5526;6224;2046;3189;2051;2056
3000;3020;5520;5530;6224;2046;3189;2051;2056
3000;3020;5520;5532;6224;2046;3189;2051;2056
3000;3020;5523;5526;6225;2046;3189;2051;2056
3000;3020;5523;5526;6226;2046;3189;2051;2056
3000;3020;5520;5529;6226;2046;3189;2051;2056
3000;3020;5520;5530;6226;2046;3189;2051;2056
3000;3020;5520;5532;6226;2046;3189;2051;2056
3000;3020;5520;5534;6226;2046;3189;2051;2056
3000;3022;5523;5526;6222;2046;3189;2051;2056
3000;3022;5523;5526;6223;2046;3189;2051;2056
3000;3022;5521;5526;6224;2046;3189;2051;2056
3000;3022;5522;5526;6224;2046;3189;2051;2056
3000;3022;5523;5526;6224;2046;3189;2051;2056
3000;3022;5523;5528;6224;2046;3189;2051;2056
3000;3022;5523;5529;6224;2046;3189;2051;2056
3000;3022;5520;5528;6224;2046;3189;2051;2056
3000;3022;5520;5529;6224;2046;3189;2051;2056
3000;3022;5520;5530;6224;2046;3189;2051;2056
3000;3022;5520;5532;6224;2046;3189;2051;2056
3000;3022;5523;5526;6225;2046;3189;2051;2056
3000;3022;5523;5526;6226;2046;3189;2051;2056
3000;3022;5520;5530;6226;2046;3189;2051;2056
3000;3022;5520;5532;6226;2046;3189;2051;2056
3000;3228;5523;5526;6224;2046;3189;2051;2056
3020;3221;5523;5526;6224;2046;3189;2051;2056
3020;3221;5523;5526;6226;2046;3189;2051;2056
2990;3020;5520;5528;6222;2046;3189;2051;2056
2990;3020;5520;5529;6222;2046;3189;2051;2056
2990;3020;5520;5532;6222;2046;3189;2051;2056
2990;3020;5520;5534;6222;2046;3189;2051;2056
2990;3022;5520;5528;6222;2046;3189;2051;2056
2990;3022;5520;5529;6222;2046;3189;2051;2056
2990;3022;5520;5530;6222;2046;3189;2051;2056
2990;3022;5520;5532;6222;2046;3189;2051;2056
2990;3022;5520;5534;6222;2046;3189;2051;2056
2990;3024;5520;5528;6222;2046;3189;2051;2056
2990;3024;5520;5529;6222;2046;3189;2051;2056
2990;3024;5520;5530;6222;2046;3189;2051;2056
2990;3024;5520;5532;6222;2046;3189;2051;2056
2990;3024;5520;5534;6222;2046;3189;2051;2056
2990;3228;5520;5528;6222;2046;3189;2051;2056
2990;3228;5520;5529;6222;2046;3189;2051;2056
2990;3228;5520;5530;6222;2046;3189;2051;2056
2990;3228;5520;5532;6222;2046;3189;2051;2056
2990;3228;5520;5534;6222;2046;3189;2051;2056
2990;3020;5521;5526;6222;2046;3189;2051;2056
2990;3020;5521;5528;6222;2046;3189;2051;2056
2990;3020;5521;5529;6222;2046;3189;2051;2056
2990;3020;5521;5530;6222;2046;3189;2051;2056
2990;3020;5521;5532;6222;2046;3189;2051;2056
2990;3020;5521;5534;6222;2046;3189;2051;2056
2990;3022;5521;5526;6222;2046;3189;2051;2056
2990;3022;5521;5528;6222;2046;3189;2051;2056
2990;3022;5521;5529;6222;2046;3189;2051;2056
2990;3022;5521;5530;6222;2046;3189;2051;2056
2990;3022;5521;5532;6222;2046;3189;2051;2056
2990;3022;5521;5534;6222;2046;3189;2051;2056
2990;3024;5521;5528;6222;2046;3189;2051;2056
2990;3024;5521;5529;6222;2046;3189;2051;2056
2990;3024;5521;5530;6222;2046;3189;2051;2056
2990;3024;5521;5532;6222;2046;3189;2051;2056
2990;3024;5521;5534;6222;2046;3189;2051;2056
2990;3228;5521;5526;6222;2046;3189;2051;2056
2990;3228;5521;5528;6222;2046;3189;2051;2056
2990;3228;5521;5529;6222;2046;3189;2051;2056
2990;3228;5521;5530;6222;2046;3189;2051;2056
2990;3228;5521;5532;6222;2046;3189;2051;2056
2990;3228;5521;5534;6222;2046;3189;2051;2056
2990;3020;5522;5526;6222;2046;3189;2051;2056
2990;3020;5522;5528;6222;2046;3189;2051;2056
2990;3020;5522;5529;6222;2046;3189;2051;2056
2990;3020;5522;5530;6222;2046;3189;2051;2056
2990;3020;5522;5532;6222;2046;3189;2051;2056
2990;3020;5522;5534;6222;2046;3189;2051;2056
2990;3022;5522;5526;6222;2046;3189;2051;2056
2990;3022;5522;5528;6222;2046;3189;2051;2056
2990;3022;5522;5529;6222;2046;3189;2051;2056
2990;3022;5522;5530;6222;2046;3189;2051;2056
2990;3022;5522;5532;6222;2046;3189;2051;2056
2990;3022;5522;5534;6222;2046;3189;2051;2056
2990;3024;5522;5528;6222;2046;3189;2051;2056
2990;3024;5522;5529;6222;2046;3189;2051;2056
2990;3024;5522;5530;6222;2046;3189;2051;2056
2990;3024;5522;5532;6222;2046;3189;2051;2056
2990;3024;5522;5534;6222;2046;3189;2051;2056
2990;3228;5522;5526;6222;2046;3189;2051;2056
2990;3228;5522;5528;6222;2046;3189;2051;2056
2990;3228;5522;5529;6222;2046;3189;2051;2056
2990;3228;5522;5530;6222;2046;3189;2051;2056
2990;3228;5522;5532;6222;2046;3189;2051;2056
2990;3228;5522;5534;6222;2046;3189;2051;2056
2990;3020;5523;5526;6222;2046;3189;2051;2056
2990;3020;5523;5528;6222;2046;3189;2051;2056
2990;3020;5523;5529;6222;2046;3189;2051;2056
2990;3020;5523;5530;6222;2046;3189;2051;2056
2990;3020;5523;5532;6222;2046;3189;2051;2056
2990;3020;5523;5534;6222;2046;3189;2051;2056
2990;3022;5523;5526;6222;2046;3189;2051;2056
2990;3022;5523;5528;6222;2046;3189;2051;2056
2990;3022;5523;5529;6222;2046;3189;2051;2056
2990;3022;5523;5530;6222;2046;3189;2051;2056
2990;3022;5523;5532;6222;2046;3189;2051;2056
2990;3022;5523;5534;6222;2046;3189;2051;2056
2990;3024;5523;5526;6222;2046;3189;2051;2056
2990;3024;5523;5528;6222;2046;3189;2051;2056
2990;3024;5523;5529;6222;2046;3189;2051;2056
2990;3024;5523;5530;6222;2046;3189;2051;2056
2990;3024;5523;5532;6222;2046;3189;2051;2056
2990;3024;5523;5534;6222;2046;3189;2051;2056
2990;3228;5523;5526;6222;2046;3189;2051;2056
2990;3228;5523;5528;6222;2046;3189;2051;2056
2990;3228;5523;5529;6222;2046;3189;2051;2056
2990;3228;5523;5530;6222;2046;3189;2051;2056
2990;3228;5523;5532;6222;2046;3189;2051;2056
2990;3228;5523;5534;6222;2046;3189;2051;2056
2990;3020;5520;5528;6223;2046;3189;2051;2056
2990;3020;5520;5529;6223;2046;3189;2051;2056
2990;3020;5520;5532;6223;2046;3189;2051;2056
2990;3020;5520;5534;6223;2046;3189;2051;2056
2990;3022;5520;5528;6223;2046;3189;2051;2056
2990;3022;5520;5529;6223;2046;3189;2051;2056
2990;3022;5520;5530;6223;2046;3189;2051;2056
2990;3022;5520;5532;6223;2046;3189;2051;2056
2990;3022;5520;5534;6223;2046;3189;2051;2056
2990;3024;5520;5528;6223;2046;3189;2051;2056
2990;3024;5520;5529;6223;2046;3189;2051;2056
2990;3024;5520;5530;6223;2046;3189;2051;2056
2990;3024;5520;5532;6223;2046;3189;2051;2056
2990;3024;5520;5534;6223;2046;3189;2051;2056
2990;3228;5520;5528;6223;2046;3189;2051;2056
2990;3228;5520;5529;6223;2046;3189;2051;2056
2990;3228;5520;5530;6223;2046;3189;2051;2056
2990;3228;5520;5532;6223;2046;3189;2051;2056
2990;3228;5520;5534;6223;2046;3189;2051;2056
2990;3020;5521;5526;6223;2046;3189;2051;2056
2990;3020;5521;5528;6223;2046;3189;2051;2056
2990;3020;5521;5529;6223;2046;3189;2051;2056
2990;3020;5521;5530;6223;2046;3189;2051;2056
2990;3020;5521;5532;6223;2046;3189;2051;2056
2990;3020;5521;5534;6223;2046;3189;2051;2056
2990;3022;5521;5526;6223;2046;3189;2051;2056
2990;3022;5521;5528;6223;2046;3189;2051;2056
2990;3022;5521;5529;6223;2046;3189;2051;2056
2990;3022;5521;5530;6223;2046;3189;2051;2056
2990;3022;5521;5532;6223;2046;3189;2051;2056
2990;3022;5521;5534;6223;2046;3189;2051;2056
2990;3024;5521;5528;6223;2046;3189;2051;2056
2990;3024;5521;5529;6223;2046;3189;2051;2056
2990;3024;5521;5530;6223;2046;3189;2051;2056
2990;3024;5521;5532;6223;2046;3189;2051;2056
2990;3024;5521;5534;6223;2046;3189;2051;2056
2990;3228;5521;5526;6223;2046;3189;2051;2056
2990;3228;5521;5528;6223;2046;3189;2051;2056
2990;3228;5521;5529;6223;2046;3189;2051;2056
2990;3228;5521;5530;6223;2046;3189;2051;2056
2990;3228;5521;5532;6223;2046;3189;2051;2056
2990;3228;5521;5534;6223;2046;3189;2051;2056
2990;3020;5522;5526;6223;2046;3189;2051;2056
2990;3020;5522;5528;6223;2046;3189;2051;2056
2990;3020;5522;5529;6223;2046;3189;2051;2056
2990;3020;5522;5530;6223;2046;3189;2051;2056
2990;3020;5522;5532;6223;2046;3189;2051;2056
2990;3020;5522;5534;6223;2046;3189;2051;2056
2990;3022;5522;5526;6223;2046;3189;2051;2056
2990;3022;5522;5528;6223;2046;3189;2051;2056
2990;3022;5522;5529;6223;2046;3189;2051;2056
2990;3022;5522;5530;6223;2046;3189;2051;2056
2990;3022;5522;5532;6223;2046;3189;2051;2056
2990;3022;5522;5534;6223;2046;3189;2051;2056
2990;3024;5522;5528;6223;2046;3189;2051;2056
2990;3024;5522;5529;6223;2046;3189;2051;2056
2990;3024;5522;5530;6223;2046;3189;2051;2056
2990;3024;5522;5532;6223;2046;3189;2051;2056
2990;3024;5522;5534;6223;2046;3189;2051;2056
2990;3228;5522;5526;6223;2046;3189;2051;2056
2990;3228;5522;5528;6223;2046;3189;2051;2056
2990;3228;5522;5529;6223;2046;3189;2051;2056
2990;3228;5522;5530;6223;2046;3189;2051;2056
2990;3228;5522;5532;6223;2046;3189;2051;2056
2990;3228;5522;5534;6223;2046;3189;2051;2056
2990;3020;5523;5526;6223;2046;3189;2051;2056
2990;3020;5523;5528;6223;2046;3189;2051;2056
2990;3020;5523;5529;6223;2046;3189;2051;2056
2990;3020;5523;5530;6223;2046;3189;2051;2056
2990;3020;5523;5532;6223;2046;3189;2051;2056
2990;3020;5523;5534;6223;2046;3189;2051;2056
2990;3022;5523;5526;6223;2046;3189;2051;2056
2990;3022;5523;5528;6223;2046;3189;2051;2056
2990;3022;5523;5529;6223;2046;3189;2051;2056
2990;3022;5523;5530;6223;2046;3189;2051;2056
2990;3022;5523;5532;6223;2046;3189;2051;2056
2990;3022;5523;5534;6223;2046;3189;2051;2056
2990;3024;5523;5526;6223;2046;3189;2051;2056
2990;3024;5523;5528;6223;2046;3189;2051;2056
2990;3024;5523;5529;6223;2046;3189;2051;2056
2990;3024;5523;5530;6223;2046;3189;2051;2056
2990;3024;5523;5532;6223;2046;3189;2051;2056
2990;3024;5523;5534;6223;2046;3189;2051;2056
2990;3228;5523;5526;6223;2046;3189;2051;2056
2990;3228;5523;5528;6223;2046;3189;2051;2056
2990;3228;5523;5529;6223;2046;3189;2051;2056
2990;3228;5523;5530;6223;2046;3189;2051;2056
2990;3228;5523;5532;6223;2046;3189;2051;2056
2990;3228;5523;5534;6223;2046;3189;2051;2056
2990;3020;5520;5528;6224;2046;3189;2051;2056
2990;3020;5520;5529;6224;2046;3189;2051;2056
2990;3020;5520;5530;6224;2046;3189;2051;2056
2990;3020;5520;5532;6224;2046;3189;2051;2056
2990;3020;5520;5534;6224;2046;3189;2051;2056
2990;3022;5520;5528;6224;2046;3189;2051;2056
2990;3022;5520;5529;6224;2046;3189;2051;2056
2990;3022;5520;5530;6224;2046;3189;2051;2056
2990;3022;5520;5532;6224;2046;3189;2051;2056
2990;3022;5520;5534;6224;2046;3189;2051;2056
2990;3024;5520;5528;6224;2046;3189;2051;2056
2990;3024;5520;5529;6224;2046;3189;2051;2056
2990;3024;5520;5530;6224;2046;3189;2051;2056
2990;3024;5520;5532;6224;2046;3189;2051;2056
2990;3024;5520;5534;6224;2046;3189;2051;2056
2990;3228;5520;5528;6224;2046;3189;2051;2056
2990;3228;5520;5529;6224;2046;3189;2051;2056
2990;3228;5520;5530;6224;2046;3189;2051;2056
2990;3228;5520;5532;6224;2046;3189;2051;2056
2990;3228;5520;5534;6224;2046;3189;2051;2056
2990;3020;5521;5526;6224;2046;3189;2051;2056
2990;3020;5521;5528;6224;2046;3189;2051;2056
2990;3020;5521;5529;6224;2046;3189;2051;2056
2990;3020;5521;5530;6224;2046;3189;2051;2056
2990;3020;5521;5532;6224;2046;3189;2051;2056
2990;3020;5521;5534;6224;2046;3189;2051;2056
2990;3022;5521;5526;6224;2046;3189;2051;2056
2990;3022;5521;5528;6224;2046;3189;2051;2056
2990;3022;5521;5529;6224;2046;3189;2051;2056
2990;3022;5521;5530;6224;2046;3189;2051;2056
2990;3022;5521;5532;6224;2046;3189;2051;2056
2990;3022;5521;5534;6224;2046;3189;2051;2056
2990;3024;5521;5526;6224;2046;3189;2051;2056
2990;3024;5521;5528;6224;2046;3189;2051;2056
2990;3024;5521;5529;6224;2046;3189;2051;2056
2990;3024;5521;5530;6224;2046;3189;2051;2056
2990;3024;5521;5532;6224;2046;3189;2051;2056
2990;3024;5521;5534;6224;2046;3189;2051;2056
2990;3228;5521;5526;6224;2046;3189;2051;2056
2990;3228;5521;5528;6224;2046;3189;2051;2056
2990;3228;5521;5529;6224;2046;3189;2051;2056
2990;3228;5521;5530;6224;2046;3189;2051;2056
2990;3228;5521;5532;6224;2046;3189;2051;2056
2990;3228;5521;5534;6224;2046;3189;2051;2056
2990;3020;5522;5526;6224;2046;3189;2051;2056
2990;3020;5522;5528;6224;2046;3189;2051;2056
2990;3020;5522;5529;6224;2046;3189;2051;2056
2990;3020;5522;5530;6224;2046;3189;2051;2056
2990;3020;5522;5532;6224;2046;3189;2051;2056
2990;3020;5522;5534;6224;2046;3189;2051;2056
2990;3022;5522;5526;6224;2046;3189;2051;2056
2990;3022;5522;5528;6224;2046;3189;2051;2056
2990;3022;5522;5529;6224;2046;3189;2051;2056
2990;3022;5522;5530;6224;2046;3189;2051;2056
2990;3022;5522;5532;6224;2046;3189;2051;2056
2990;3022;5522;5534;6224;2046;3189;2051;2056
2990;3024;5522;5526;6224;2046;3189;2051;2056
2990;3024;5522;5528;6224;2046;3189;2051;2056
2990;3024;5522;5529;6224;2046;3189;2051;2056
2990;3024;5522;5530;6224;2046;3189;2051;2056
2990;3024;5522;5532;6224;2046;3189;2051;2056
2990;3024;5522;5534;6224;2046;3189;2051;2056
2990;3228;5522;5526;6224;2046;3189;2051;2056
2990;3228;5522;5528;6224;2046;3189;2051;2056
2990;3228;5522;5529;6224;2046;3189;2051;2056
2990;3228;5522;5530;6224;2046;3189;2051;2056
2990;3228;5522;5532;6224;2046;3189;2051;2056
2990;3228;5522;5534;6224;2046;3189;2051;2056
2990;3020;5523;5526;6224;2046;3189;2051;2056
2990;3020;5523;5528;6224;2046;3189;2051;2056
2990;3020;5523;5529;6224;2046;3189;2051;2056
2990;3020;5523;5530;6224;2046;3189;2051;2056
2990;3020;5523;5532;6224;2046;3189;2051;2056
2990;3020;5523;5534;6224;2046;3189;2051;2056
2990;3022;5523;5526;6224;2046;3189;2051;2056
2990;3022;5523;5528;6224;2046;3189;2051;2056
2990;3022;5523;5529;6224;2046;3189;2051;2056
2990;3022;5523;5530;6224;2046;3189;2051;2056
2990;3022;5523;5532;6224;2046;3189;2051;2056
2990;3022;5523;5534;6224;2046;3189;2051;2056
2990;3024;5523;5526;6224;2046;3189;2051;2056
2990;3024;5523;5528;6224;2046;3189;2051;2056
2990;3024;5523;5529;6224;2046;3189;2051;2056
2990;3024;5523;5530;6224;2046;3189;2051;2056
2990;3024;5523;5532;6224;2046;3189;2051;2056
2990;3024;5523;5534;6224;2046;3189;2051;2056
2990;3228;5523;5526;6224;2046;3189;2051;2056
2990;3228;5523;5528;6224;2046;3189;2051;2056
2990;3228;5523;5529;6224;2046;3189;2051;2056
2990;3228;5523;5530;6224;2046;3189;2051;2056
2990;3228;5523;5532;6224;2046;3189;2051;2056
2990;3228;5523;5534;6224;2046;3189;2051;2056
2990;3020;5520;5528;6225;2046;3189;2051;2056
2990;3020;5520;5529;6225;2046;3189;2051;2056
2990;3020;5520;5530;6225;2046;3189;2051;2056
2990;3020;5520;5532;6225;2046;3189;2051;2056
2990;3020;5520;5534;6225;2046;3189;2051;2056
2990;3022;5520;5528;6225;2046;3189;2051;2056
2990;3022;5520;5529;6225;2046;3189;2051;2056
2990;3022;5520;5530;6225;2046;3189;2051;2056
2990;3022;5520;5532;6225;2046;3189;2051;2056
2990;3022;5520;5534;6225;2046;3189;2051;2056
2990;3024;5520;5528;6225;2046;3189;2051;2056
2990;3024;5520;5529;6225;2046;3189;2051;2056
2990;3024;5520;5530;6225;2046;3189;2051;2056
2990;3024;5520;5532;6225;2046;3189;2051;2056
2990;3024;5520;5534;6225;2046;3189;2051;2056
2990;3228;5520;5528;6225;2046;3189;2051;2056
2990;3228;5520;5529;6225;2046;3189;2051;2056
2990;3228;5520;5530;6225;2046;3189;2051;2056
2990;3228;5520;5532;6225;2046;3189;2051;2056
2990;3228;5520;5534;6225;2046;3189;2051;2056
2990;3020;5521;5526;6225;2046;3189;2051;2056
2990;3020;5521;5528;6225;2046;3189;2051;2056
2990;3020;5521;5529;6225;2046;3189;2051;2056
2990;3020;5521;5530;6225;2046;3189;2051;2056
2990;3020;5521;5532;6225;2046;3189;2051;2056
2990;3020;5521;5534;6225;2046;3189;2051;2056
2990;3022;5521;5526;6225;2046;3189;2051;2056
2990;3022;5521;5528;6225;2046;3189;2051;2056
2990;3022;5521;5529;6225;2046;3189;2051;2056
2990;3022;5521;5530;6225;2046;3189;2051;2056
2990;3022;5521;5532;6225;2046;3189;2051;2056
2990;3022;5521;5534;6225;2046;3189;2051;2056
2990;3024;5521;5526;6225;2046;3189;2051;2056
2990;3024;5521;5528;6225;2046;3189;2051;2056
2990;3024;5521;5529;6225;2046;3189;2051;2056
2990;3024;5521;5530;6225;2046;3189;2051;2056
2990;3024;5521;5532;6225;2046;3189;2051;2056
2990;3024;5521;5534;6225;2046;3189;2051;2056
2990;3228;5521;5526;6225;2046;3189;2051;2056
2990;3228;5521;5528;6225;2046;3189;2051;2056
2990;3228;5521;5529;6225;2046;3189;2051;2056
2990;3228;5521;5530;6225;2046;3189;2051;2056
2990;3228;5521;5532;6225;2046;3189;2051;2056
2990;3228;5521;5534;6225;2046;3189;2051;2056
2990;3020;5522;5526;6225;2046;3189;2051;2056
2990;3020;5522;5528;6225;2046;3189;2051;2056
2990;3020;5522;5529;6225;2046;3189;2051;2056
2990;3020;5522;5530;6225;2046;3189;2051;2056
2990;3020;5522;5532;6225;2046;3189;2051;2056
2990;3020;5522;5534;6225;2046;3189;2051;2056
2990;3022;5522;5526;6225;2046;3189;2051;2056
2990;3022;5522;5528;6225;2046;3189;2051;2056
2990;3022;5522;5529;6225;2046;3189;2051;2056
2990;3022;5522;5530;6225;2046;3189;2051;2056
2990;3022;5522;5532;6225;2046;3189;2051;2056
2990;3022;5522;5534;6225;2046;3189;2051;2056
2990;3024;5522;5526;6225;2046;3189;2051;2056
2990;3024;5522;5528;6225;2046;3189;2051;2056
2990;3024;5522;5529;6225;2046;3189;2051;2056
2990;3024;5522;5530;6225;2046;3189;2051;2056
2990;3024;5522;5532;6225;2046;3189;2051;2056
2990;3024;5522;5534;6225;2046;3189;2051;2056
2990;3228;5522;5526;6225;2046;3189;2051;2056
2990;3228;5522;5528;6225;2046;3189;2051;2056
2990;3228;5522;5529;6225;2046;3189;2051;2056
2990;3228;5522;5530;6225;2046;3189;2051;2056
2990;3228;5522;5532;6225;2046;3189;2051;2056
2990;3228;5522;5534;6225;2046;3189;2051;2056
2990;3020;5523;5526;6225;2046;3189;2051;2056
2990;3020;5523;5528;6225;2046;3189;2051;2056
2990;3020;5523;5529;6225;2046;3189;2051;2056
2990;3020;5523;5530;6225;2046;3189;2051;2056
2990;3020;5523;5532;6225;2046;3189;2051;2056
2990;3020;5523;5534;6225;2046;3189;2051;2056
2990;3022;5523;5526;6225;2046;3189;2051;2056
2990;3022;5523;5528;6225;2046;3189;2051;2056
2990;3022;5523;5529;6225;2046;3189;2051;2056
2990;3022;5523;5530;6225;2046;3189;2051;2056
2990;3022;5523;5532;6225;2046;3189;2051;2056
2990;3022;5523;5534;6225;2046;3189;2051;2056
2990;3024;5523;5526;6225;2046;3189;2051;2056
2990;3024;5523;5528;6225;2046;3189;2051;2056
2990;3024;5523;5529;6225;2046;3189;2051;2056
2990;3024;5523;5530;6225;2046;3189;2051;2056
2990;3024;5523;5532;6225;2046;3189;2051;2056
2990;3024;5523;5534;6225;2046;3189;2051;2056
2990;3228;5523;5526;6225;2046;3189;2051;2056
2990;3228;5523;5528;6225;2046;3189;2051;2056
2990;3228;5523;5529;6225;2046;3189;2051;2056
2990;3228;5523;5530;6225;2046;3189;2051;2056
2990;3228;5523;5532;6225;2046;3189;2051;2056
2990;3228;5523;5534;6225;2046;3189;2051;2056
2990;3020;5520;5528;6226;2046;3189;2051;2056
2990;3020;5520;5529;6226;2046;3189;2051;2056
2990;3020;5520;5530;6226;2046;3189;2051;2056
2990;3020;5520;5532;6226;2046;3189;2051;2056
2990;3020;5520;5534;6226;2046;3189;2051;2056
2990;3022;5520;5528;6226;2046;3189;2051;2056
2990;3022;5520;5529;6226;2046;3189;2051;2056
2990;3022;5520;5530;6226;2046;3189;2051;2056
2990;3022;5520;5532;6226;2046;3189;2051;2056
2990;3022;5520;5534;6226;2046;3189;2051;2056
2990;3024;5520;5528;6226;2046;3189;2051;2056
2990;3024;5520;5529;6226;2046;3189;2051;2056
2990;3024;5520;5530;6226;2046;3189;2051;2056
2990;3024;5520;5532;6226;2046;3189;2051;2056
2990;3024;5520;5534;6226;2046;3189;2051;2056
2990;3228;5520;5528;6226;2046;3189;2051;2056
2990;3228;5520;5529;6226;2046;3189;2051;2056
2990;3228;5520;5530;6226;2046;3189;2051;2056
2990;3228;5520;5532;6226;2046;3189;2051;2056
2990;3228;5520;5534;6226;2046;3189;2051;2056
2990;3020;5521;5526;6226;2046;3189;2051;2056
2990;3020;5521;5528;6226;2046;3189;2051;2056
2990;3020;5521;5529;6226;2046;3189;2051;2056
2990;3020;5521;5530;6226;2046;3189;2051;2056
2990;3020;5521;5532;6226;2046;3189;2051;2056
2990;3020;5521;5534;6226;2046;3189;2051;2056
2990;3022;5521;5526;6226;2046;3189;2051;2056
2990;3022;5521;5528;6226;2046;3189;2051;2056
2990;3022;5521;5529;6226;2046;3189;2051;2056
2990;3022;5521;5530;6226;2046;3189;2051;2056
2990;3022;5521;5532;6226;2046;3189;2051;2056
2990;3022;5521;5534;6226;2046;3189;2051;2056
2990;3024;5521;5526;6226;2046;3189;2051;2056
2990;3024;5521;5528;6226;2046;3189;2051;2056
2990;3024;5521;5529;6226;2046;3189;2051;2056
2990;3024;5521;5530;6226;2046;3189;2051;2056
2990;3024;5521;5532;6226;2046;3189;2051;2056
2990;3024;5521;5534;6226;2046;3189;2051;2056
2990;3228;5521;5526;6226;2046;3189;2051;2056
2990;3228;5521;5528;6226;2046;3189;2051;2056
2990;3228;5521;5529;6226;2046;3189;2051;2056
2990;3228;5521;5530;6226;2046;3189;2051;2056
2990;3228;5521;5532;6226;2046;3189;2051;2056
2990;3228;5521;5534;6226;2046;3189;2051;2056
2990;3020;5522;5526;6226;2046;3189;2051;2056
2990;3020;5522;5528;6226;2046;3189;2051;2056
2990;3020;5522;5529;6226;2046;3189;2051;2056
2990;3020;5522;5530;6226;2046;3189;2051;2056
2990;3020;5522;5532;6226;2046;3189;2051;2056
2990;3020;5522;5534;6226;2046;3189;2051;2056
2990;3022;5522;5526;6226;2046;3189;2051;2056
2990;3022;5522;5528;6226;2046;3189;2051;2056
2990;3022;5522;5529;6226;2046;3189;2051;2056
2990;3022;5522;5530;6226;2046;3189;2051;2056
2990;3022;5522;5532;6226;2046;3189;2051;2056
2990;3022;5522;5534;6226;2046;3189;2051;2056
2990;3024;5522;5526;6226;2046;3189;2051;2056
2990;3024;5522;5528;6226;2046;3189;2051;2056
2990;3024;5522;5529;6226;2046;3189;2051;2056
2990;3024;5522;5530;6226;2046;3189;2051;2056
2990;3024;5522;5532;6226;2046;3189;2051;2056
2990;3024;5522;5534;6226;2046;3189;2051;2056
2990;3228;5522;5526;6226;2046;3189;2051;2056
2990;3228;5522;5528;6226;2046;3189;2051;2056
2990;3228;5522;5529;6226;2046;3189;2051;2056
2990;3228;5522;5530;6226;2046;3189;2051;2056
2990;3228;5522;5532;6226;2046;3189;2051;2056
2990;3228;5522;5534;6226;2046;3189;2051;2056
2990;3020;5523;5526;6226;2046;3189;2051;2056
2990;3020;5523;5528;6226;2046;3189;2051;2056
2990;3020;5523;5529;6226;2046;3189;2051;2056
2990;3020;5523;5530;6226;2046;3189;2051;2056
2990;3020;5523;5532;6226;2046;3189;2051;2056
2990;3020;5523;5534;6226;2046;3189;2051;2056
2990;3022;5523;5526;6226;2046;3189;2051;2056
2990;3022;5523;5528;6226;2046;3189;2051;2056
2990;3022;5523;5529;6226;2046;3189;2051;2056
2990;3022;5523;5530;6226;2046;3189;2051;2056
2990;3022;5523;5532;6226;2046;3189;2051;2056
2990;3022;5523;5534;6226;2046;3189;2051;2056
2990;3024;5523;5526;6226;2046;3189;2051;2056
2990;3024;5523;5528;6226;2046;3189;2051;2056
2990;3024;5523;5529;6226;2046;3189;2051;2056
2990;3024;5523;5530;6226;2046;3189;2051;2056
2990;3024;5523;5532;6226;2046;3189;2051;2056
2990;3024;5523;5534;6226;2046;3189;2051;2056
2990;3228;5523;5526;6226;2046;3189;2051;2056
2990;3228;5523;5528;6226;2046;3189;2051;2056
2990;3228;5523;5529;6226;2046;3189;2051;2056
2990;3228;5523;5530;6226;2046;3189;2051;2056
2990;3228;5523;5532;6226;2046;3189;2051;2056
2990;3228;5523;5534;6226;2046;3189;2051;2056
2995;3020;5520;5530;6222;2046;3189;2051;2056
2995;3020;5520;5532;6222;2046;3189;2051;2056
2995;3020;5520;5534;6222;2046;3189;2051;2056
2995;3022;5520;5534;6222;2046;3189;2051;2056
2995;3024;5520;5530;6222;2046;3189;2051;2056
2995;3024;5520;5532;6222;2046;3189;2051;2056
2995;3024;5520;5534;6222;2046;3189;2051;2056
2995;3228;5520;5528;6222;2046;3189;2051;2056
2995;3228;5520;5529;6222;2046;3189;2051;2056
2995;3228;5520;5530;6222;2046;3189;2051;2056
2995;3228;5520;5532;6222;2046;3189;2051;2056
2995;3228;5520;5534;6222;2046;3189;2051;2056
2995;3020;5521;5526;6222;2046;3189;2051;2056
2995;3020;5521;5528;6222;2046;3189;2051;2056
2995;3020;5521;5529;6222;2046;3189;2051;2056
2995;3020;5521;5530;6222;2046;3189;2051;2056
2995;3020;5521;5532;6222;2046;3189;2051;2056
2995;3020;5521;5534;6222;2046;3189;2051;2056
2995;3022;5521;5528;6222;2046;3189;2051;2056
2995;3022;5521;5529;6222;2046;3189;2051;2056
2995;3022;5521;5530;6222;2046;3189;2051;2056
2995;3022;5521;5532;6222;2046;3189;2051;2056
2995;3022;5521;5534;6222;2046;3189;2051;2056
2995;3024;5521;5526;6222;2046;3189;2051;2056
2995;3024;5521;5528;6222;2046;3189;2051;2056
2995;3024;5521;5529;6222;2046;3189;2051;2056
2995;3024;5521;5530;6222;2046;3189;2051;2056
2995;3024;5521;5532;6222;2046;3189;2051;2056
2995;3024;5521;5534;6222;2046;3189;2051;2056
2995;3228;5521;5526;6222;2046;3189;2051;2056
2995;3228;5521;5528;6222;2046;3189;2051;2056
2995;3228;5521;5529;6222;2046;3189;2051;2056
2995;3228;5521;5530;6222;2046;3189;2051;2056
2995;3228;5521;5532;6222;2046;3189;2051;2056
2995;3228;5521;5534;6222;2046;3189;2051;2056
2995;3020;5522;5526;6222;2046;3189;2051;2056
2995;3020;5522;5528;6222;2046;3189;2051;2056
2995;3020;5522;5529;6222;2046;3189;2051;2056
2995;3020;5522;5530;6222;2046;3189;2051;2056
2995;3020;5522;5532;6222;2046;3189;2051;2056
2995;3020;5522;5534;6222;2046;3189;2051;2056
2995;3022;5522;5528;6222;2046;3189;2051;2056
2995;3022;5522;5529;6222;2046;3189;2051;2056
2995;3022;5522;5530;6222;2046;3189;2051;2056
2995;3022;5522;5532;6222;2046;3189;2051;2056
2995;3022;5522;5534;6222;2046;3189;2051;2056
2995;3024;5522;5526;6222;2046;3189;2051;2056
2995;3024;5522;5528;6222;2046;3189;2051;2056
2995;3024;5522;5529;6222;2046;3189;2051;2056
2995;3024;5522;5530;6222;2046;3189;2051;2056
2995;3024;5522;5532;6222;2046;3189;2051;2056
2995;3024;5522;5534;6222;2046;3189;2051;2056
2995;3228;5522;5526;6222;2046;3189;2051;2056
2995;3228;5522;5528;6222;2046;3189;2051;2056
2995;3228;5522;5529;6222;2046;3189;2051;2056
2995;3228;5522;5530;6222;2046;3189;2051;2056
2995;3228;5522;5532;6222;2046;3189;2051;2056
2995;3228;5522;5534;6222;2046;3189;2051;2056
2995;3020;5523;5530;6222;2046;3189;2051;2056
2995;3020;5523;5532;6222;2046;3189;2051;2056
2995;3020;5523;5534;6222;2046;3189;2051;2056
2995;3022;5523;5528;6222;2046;3189;2051;2056
2995;3022;5523;5529;6222;2046;3189;2051;2056
2995;3022;5523;5530;6222;2046;3189;2051;2056
2995;3022;5523;5532;6222;2046;3189;2051;2056
2995;3022;5523;5534;6222;2046;3189;2051;2056
2995;3024;5523;5528;6222;2046;3189;2051;2056
2995;3024;5523;5529;6222;2046;3189;2051;2056
2995;3024;5523;5530;6222;2046;3189;2051;2056
2995;3024;5523;5532;6222;2046;3189;2051;2056
2995;3024;5523;5534;6222;2046;3189;2051;2056
2995;3228;5523;5526;6222;2046;3189;2051;2056
2995;3228;5523;5528;6222;2046;3189;2051;2056
2995;3228;5523;5529;6222;2046;3189;2051;2056
2995;3228;5523;5530;6222;2046;3189;2051;2056
2995;3228;5523;5532;6222;2046;3189;2051;2056
2995;3228;5523;5534;6222;2046;3189;2051;2056
2995;3020;5520;5530;6223;2046;3189;2051;2056
2995;3020;5520;5532;6223;2046;3189;2051;2056
2995;3020;5520;5534;6223;2046;3189;2051;2056
2995;3022;5520;5534;6223;2046;3189;2051;2056
2995;3024;5520;5530;6223;2046;3189;2051;2056
2995;3024;5520;5532;6223;2046;3189;2051;2056
2995;3024;5520;5534;6223;2046;3189;2051;2056
2995;3228;5520;5528;6223;2046;3189;2051;2056
2995;3228;5520;5529;6223;2046;3189;2051;2056
2995;3228;5520;5530;6223;2046;3189;2051;2056
2995;3228;5520;5532;6223;2046;3189;2051;2056
2995;3228;5520;5534;6223;2046;3189;2051;2056
2995;3020;5521;5526;6223;2046;3189;2051;2056
2995;3020;5521;5528;6223;2046;3189;2051;2056
2995;3020;5521;5529;6223;2046;3189;2051;2056
2995;3020;5521;5530;6223;2046;3189;2051;2056
2995;3020;5521;5532;6223;2046;3189;2051;2056
2995;3020;5521;5534;6223;2046;3189;2051;2056
2995;3022;5521;5528;6223;2046;3189;2051;2056
2995;3022;5521;5529;6223;2046;3189;2051;2056
2995;3022;5521;5530;6223;2046;3189;2051;2056
2995;3022;5521;5532;6223;2046;3189;2051;2056
2995;3022;5521;5534;6223;2046;3189;2051;2056
2995;3024;5521;5526;6223;2046;3189;2051;2056
2995;3024;5521;5528;6223;2046;3189;2051;2056
2995;3024;5521;5529;6223;2046;3189;2051;2056
2995;3024;5521;5530;6223;2046;3189;2051;2056
2995;3024;5521;5532;6223;2046;3189;2051;2056
2995;3024;5521;5534;6223;2046;3189;2051;2056
2995;3228;5521;5526;6223;2046;3189;2051;2056
2995;3228;5521;5528;6223;2046;3189;2051;2056
2995;3228;5521;5529;6223;2046;3189;2051;2056
2995;3228;5521;5530;6223;2046;3189;2051;2056
2995;3228;5521;5532;6223;2046;3189;2051;2056
2995;3228;5521;5534;6223;2046;3189;2051;2056
2995;3020;5522;5526;6223;2046;3189;2051;2056
2995;3020;5522;5528;6223;2046;3189;2051;2056
2995;3020;5522;5529;6223;2046;3189;2051;2056
2995;3020;5522;5530;6223;2046;3189;2051;2056
2995;3020;5522;5532;6223;2046;3189;2051;2056
2995;3020;5522;5534;6223;2046;3189;2051;2056
2995;3022;5522;5528;6223;2046;3189;2051;2056
2995;3022;5522;5529;6223;2046;3189;2051;2056
2995;3022;5522;5530;6223;2046;3189;2051;2056
2995;3022;5522;5532;6223;2046;3189;2051;2056
2995;3022;5522;5534;6223;2046;3189;2051;2056
2995;3024;5522;5526;6223;2046;3189;2051;2056
2995;3024;5522;5528;6223;2046;3189;2051;2056
2995;3024;5522;5529;6223;2046;3189;2051;2056
2995;3024;5522;5530;6223;2046;3189;2051;2056
2995;3024;5522;5532;6223;2046;3189;2051;2056
2995;3024;5522;5534;6223;2046;3189;2051;2056
2995;3228;5522;5526;6223;2046;3189;2051;2056
2995;3228;5522;5528;6223;2046;3189;2051;2056
2995;3228;5522;5529;6223;2046;3189;2051;2056
2995;3228;5522;5530;6223;2046;3189;2051;2056
2995;3228;5522;5532;6223;2046;3189;2051;2056
2995;3228;5522;5534;6223;2046;3189;2051;2056
2995;3020;5523;5530;6223;2046;3189;2051;2056
2995;3020;5523;5532;6223;2046;3189;2051;2056
2995;3020;5523;5534;6223;2046;3189;2051;2056
2995;3022;5523;5528;6223;2046;3189;2051;2056
2995;3022;5523;5529;6223;2046;3189;2051;2056
2995;3022;5523;5530;6223;2046;3189;2051;2056
2995;3022;5523;5532;6223;2046;3189;2051;2056
2995;3022;5523;5534;6223;2046;3189;2051;2056
2995;3024;5523;5528;6223;2046;3189;2051;2056
2995;3024;5523;5529;6223;2046;3189;2051;2056
2995;3024;5523;5530;6223;2046;3189;2051;2056
2995;3024;5523;5532;6223;2046;3189;2051;2056
2995;3024;5523;5534;6223;2046;3189;2051;2056
2995;3228;5523;5526;6223;2046;3189;2051;2056
2995;3228;5523;5528;6223;2046;3189;2051;2056
2995;3228;5523;5529;6223;2046;3189;2051;2056
2995;3228;5523;5530;6223;2046;3189;2051;2056
2995;3228;5523;5532;6223;2046;3189;2051;2056
2995;3228;5523;5534;6223;2046;3189;2051;2056
2995;3020;5520;5534;6224;2046;3189;2051;2056
2995;3022;5520;5534;6224;2046;3189;2051;2056
2995;3024;5520;5528;6224;2046;3189;2051;2056
2995;3024;5520;5529;6224;2046;3189;2051;2056
2995;3024;5520;5532;6224;2046;3189;2051;2056
2995;3024;5520;5534;6224;2046;3189;2051;2056
2995;3228;5520;5528;6224;2046;3189;2051;2056
2995;3228;5520;5529;6224;2046;3189;2051;2056
2995;3228;5520;5530;6224;2046;3189;2051;2056
2995;3228;5520;5532;6224;2046;3189;2051;2056
2995;3228;5520;5534;6224;2046;3189;2051;2056
2995;3020;5521;5526;6224;2046;3189;2051;2056
2995;3020;5521;5528;6224;2046;3189;2051;2056
2995;3020;5521;5529;6224;2046;3189;2051;2056
2995;3020;5521;5530;6224;2046;3189;2051;2056
2995;3020;5521;5532;6224;2046;3189;2051;2056
2995;3020;5521;5534;6224;2046;3189;2051;2056
2995;3022;5521;5528;6224;2046;3189;2051;2056
2995;3022;5521;5529;6224;2046;3189;2051;2056
2995;3022;5521;5530;6224;2046;3189;2051;2056
2995;3022;5521;5532;6224;2046;3189;2051;2056
2995;3022;5521;5534;6224;2046;3189;2051;2056
2995;3024;5521;5526;6224;2046;3189;2051;2056
2995;3024;5521;5528;6224;2046;3189;2051;2056
2995;3024;5521;5529;6224;2046;3189;2051;2056
2995;3024;5521;5530;6224;2046;3189;2051;2056
2995;3024;5521;5532;6224;2046;3189;2051;2056
2995;3024;5521;5534;6224;2046;3189;2051;2056
2995;3228;5521;5526;6224;2046;3189;2051;2056
2995;3228;5521;5528;6224;2046;3189;2051;2056
2995;3228;5521;5529;6224;2046;3189;2051;2056
2995;3228;5521;5530;6224;2046;3189;2051;2056
2995;3228;5521;5532;6224;2046;3189;2051;2056
2995;3228;5521;5534;6224;2046;3189;2051;2056
2995;3020;5522;5526;6224;2046;3189;2051;2056
2995;3020;5522;5528;6224;2046;3189;2051;2056
2995;3020;5522;5529;6224;2046;3189;2051;2056
2995;3020;5522;5530;6224;2046;3189;2051;2056
2995;3020;5522;5532;6224;2046;3189;2051;2056
2995;3020;5522;5534;6224;2046;3189;2051;2056
2995;3022;5522;5528;6224;2046;3189;2051;2056
2995;3022;5522;5529;6224;2046;3189;2051;2056
2995;3022;5522;5530;6224;2046;3189;2051;2056
2995;3022;5522;5532;6224;2046;3189;2051;2056
2995;3022;5522;5534;6224;2046;3189;2051;2056
2995;3024;5522;5526;6224;2046;3189;2051;2056
2995;3024;5522;5528;6224;2046;3189;2051;2056
2995;3024;5522;5529;6224;2046;3189;2051;2056
2995;3024;5522;5530;6224;2046;3189;2051;2056
2995;3024;5522;5532;6224;2046;3189;2051;2056
2995;3024;5522;5534;6224;2046;3189;2051;2056
2995;3228;5522;5526;6224;2046;3189;2051;2056
2995;3228;5522;5528;6224;2046;3189;2051;2056
2995;3228;5522;5529;6224;2046;3189;2051;2056
2995;3228;5522;5530;6224;2046;3189;2051;2056
2995;3228;5522;5532;6224;2046;3189;2051;2056
2995;3228;5522;5534;6224;2046;3189;2051;2056
2995;3020;5523;5528;6224;2046;3189;2051;2056
2995;3020;5523;5529;6224;2046;3189;2051;2056
2995;3020;5523;5530;6224;2046;3189;2051;2056
2995;3020;5523;5532;6224;2046;3189;2051;2056
2995;3020;5523;5534;6224;2046;3189;2051;2056
2995;3022;5523;5528;6224;2046;3189;2051;2056
2995;3022;5523;5529;6224;2046;3189;2051;2056
2995;3022;5523;5530;6224;2046;3189;2051;2056
2995;3022;5523;5532;6224;2046;3189;2051;2056
2995;3022;5523;5534;6224;2046;3189;2051;2056
2995;3024;5523;5528;6224;2046;3189;2051;2056
2995;3024;5523;5529;6224;2046;3189;2051;2056
2995;3024;5523;5530;6224;2046;3189;2051;2056
2995;3024;5523;5532;6224;2046;3189;2051;2056
2995;3024;5523;5534;6224;2046;3189;2051;2056
2995;3228;5523;5526;6224;2046;3189;2051;2056
2995;3228;5523;5528;6224;2046;3189;2051;2056
2995;3228;5523;5529;6224;2046;3189;2051;2056
2995;3228;5523;5530;6224;2046;3189;2051;2056
2995;3228;5523;5532;6224;2046;3189;2051;2056
2995;3228;5523;5534;6224;2046;3189;2051;2056
2995;3020;5520;5528;6225;2046;3189;2051;2056
2995;3020;5520;5529;6225;2046;3189;2051;2056
2995;3020;5520;5530;6225;2046;3189;2051;2056
2995;3020;5520;5532;6225;2046;3189;2051;2056
2995;3020;5520;5534;6225;2046;3189;2051;2056
2995;3022;5520;5534;6225;2046;3189;2051;2056
2995;3024;5520;5528;6225;2046;3189;2051;2056
2995;3024;5520;5529;6225;2046;3189;2051;2056
2995;3024;5520;5530;6225;2046;3189;2051;2056
2995;3024;5520;5532;6225;2046;3189;2051;2056
2995;3024;5520;5534;6225;2046;3189;2051;2056
2995;3228;5520;5528;6225;2046;3189;2051;2056
2995;3228;5520;5529;6225;2046;3189;2051;2056
2995;3228;5520;5530;6225;2046;3189;2051;2056
2995;3228;5520;5532;6225;2046;3189;2051;2056
2995;3228;5520;5534;6225;2046;3189;2051;2056
2995;3020;5521;5526;6225;2046;3189;2051;2056
2995;3020;5521;5528;6225;2046;3189;2051;2056
2995;3020;5521;5529;6225;2046;3189;2051;2056
2995;3020;5521;5530;6225;2046;3189;2051;2056
2995;3020;5521;5532;6225;2046;3189;2051;2056
2995;3020;5521;5534;6225;2046;3189;2051;2056
2995;3022;5521;5526;6225;2046;3189;2051;2056
2995;3022;5521;5528;6225;2046;3189;2051;2056
2995;3022;5521;5529;6225;2046;3189;2051;2056
2995;3022;5521;5530;6225;2046;3189;2051;2056
2995;3022;5521;5532;6225;2046;3189;2051;2056
2995;3022;5521;5534;6225;2046;3189;2051;2056
2995;3024;5521;5526;6225;2046;3189;2051;2056
2995;3024;5521;5528;6225;2046;3189;2051;2056
2995;3024;5521;5529;6225;2046;3189;2051;2056
2995;3024;5521;5530;6225;2046;3189;2051;2056
2995;3024;5521;5532;6225;2046;3189;2051;2056
2995;3024;5521;5534;6225;2046;3189;2051;2056
2995;3228;5521;5526;6225;2046;3189;2051;2056
2995;3228;5521;5528;6225;2046;3189;2051;2056
2995;3228;5521;5529;6225;2046;3189;2051;2056
2995;3228;5521;5530;6225;2046;3189;2051;2056
2995;3228;5521;5532;6225;2046;3189;2051;2056
2995;3228;5521;5534;6225;2046;3189;2051;2056
2995;3020;5522;5526;6225;2046;3189;2051;2056
2995;3020;5522;5528;6225;2046;3189;2051;2056
2995;3020;5522;5529;6225;2046;3189;2051;2056
2995;3020;5522;5530;6225;2046;3189;2051;2056
2995;3020;5522;5532;6225;2046;3189;2051;2056
2995;3020;5522;5534;6225;2046;3189;2051;2056
2995;3022;5522;5526;6225;2046;3189;2051;2056
2995;3022;5522;5528;6225;2046;3189;2051;2056
2995;3022;5522;5529;6225;2046;3189;2051;2056
2995;3022;5522;5530;6225;2046;3189;2051;2056
2995;3022;5522;5532;6225;2046;3189;2051;2056
2995;3022;5522;5534;6225;2046;3189;2051;2056
2995;3024;5522;5526;6225;2046;3189;2051;2056
2995;3024;5522;5528;6225;2046;3189;2051;2056
2995;3024;5522;5529;6225;2046;3189;2051;2056
2995;3024;5522;5530;6225;2046;3189;2051;2056
2995;3024;5522;5532;6225;2046;3189;2051;2056
2995;3024;5522;5534;6225;2046;3189;2051;2056
2995;3228;5522;5526;6225;2046;3189;2051;2056
2995;3228;5522;5528;6225;2046;3189;2051;2056
2995;3228;5522;5529;6225;2046;3189;2051;2056
2995;3228;5522;5530;6225;2046;3189;2051;2056
2995;3228;5522;5532;6225;2046;3189;2051;2056
2995;3228;5522;5534;6225;2046;3189;2051;2056
2995;3020;5523;5528;6225;2046;3189;2051;2056
2995;3020;5523;5529;6225;2046;3189;2051;2056
2995;3020;5523;5530;6225;2046;3189;2051;2056
2995;3020;5523;5532;6225;2046;3189;2051;2056
2995;3020;5523;5534;6225;2046;3189;2051;2056
2995;3022;5523;5528;6225;2046;3189;2051;2056
2995;3022;5523;5529;6225;2046;3189;2051;2056
2995;3022;5523;5530;6225;2046;3189;2051;2056
2995;3022;5523;5532;6225;2046;3189;2051;2056
2995;3022;5523;5534;6225;2046;3189;2051;2056
2995;3024;5523;5526;6225;2046;3189;2051;2056
2995;3024;5523;5528;6225;2046;3189;2051;2056
2995;3024;5523;5529;6225;2046;3189;2051;2056
2995;3024;5523;5530;6225;2046;3189;2051;2056
2995;3024;5523;5532;6225;2046;3189;2051;2056
2995;3024;5523;5534;6225;2046;3189;2051;2056
2995;3228;5523;5526;6225;2046;3189;2051;2056
2995;3228;5523;5528;6225;2046;3189;2051;2056
2995;3228;5523;5529;6225;2046;3189;2051;2056
2995;3228;5523;5530;6225;2046;3189;2051;2056
2995;3228;5523;5532;6225;2046;3189;2051;2056
2995;3228;5523;5534;6225;2046;3189;2051;2056
2995;3020;5520;5528;6226;2046;3189;2051;2056
2995;3020;5520;5529;6226;2046;3189;2051;2056
2995;3020;5520;5532;6226;2046;3189;2051;2056
2995;3020;5520;5534;6226;2046;3189;2051;2056
2995;3022;5520;5528;6226;2046;3189;2051;2056
2995;3022;5520;5529;6226;2046;3189;2051;2056
2995;3022;5520;5532;6226;2046;3189;2051;2056
2995;3022;5520;5534;6226;2046;3189;2051;2056
2995;3024;5520;5528;6226;2046;3189;2051;2056
2995;3024;5520;5529;6226;2046;3189;2051;2056
2995;3024;5520;5530;6226;2046;3189;2051;2056
2995;3024;5520;5532;6226;2046;3189;2051;2056
2995;3024;5520;5534;6226;2046;3189;2051;2056
2995;3228;5520;5528;6226;2046;3189;2051;2056
2995;3228;5520;5529;6226;2046;3189;2051;2056
2995;3228;5520;5530;6226;2046;3189;2051;2056
2995;3228;5520;5532;6226;2046;3189;2051;2056
2995;3228;5520;5534;6226;2046;3189;2051;2056
2995;3020;5521;5526;6226;2046;3189;2051;2056
2995;3020;5521;5528;6226;2046;3189;2051;2056
2995;3020;5521;5529;6226;2046;3189;2051;2056
2995;3020;5521;5530;6226;2046;3189;2051;2056
2995;3020;5521;5532;6226;2046;3189;2051;2056
2995;3020;5521;5534;6226;2046;3189;2051;2056
2995;3022;5521;5526;6226;2046;3189;2051;2056
2995;3022;5521;5528;6226;2046;3189;2051;2056
2995;3022;5521;5529;6226;2046;3189;2051;2056
2995;3022;5521;5530;6226;2046;3189;2051;2056
2995;3022;5521;5532;6226;2046;3189;2051;2056
2995;3022;5521;5534;6226;2046;3189;2051;2056
2995;3024;5521;5526;6226;2046;3189;2051;2056
2995;3024;5521;5528;6226;2046;3189;2051;2056
2995;3024;5521;5529;6226;2046;3189;2051;2056
2995;3024;5521;5530;6226;2046;3189;2051;2056
2995;3024;5521;5532;6226;2046;3189;2051;2056
2995;3024;5521;5534;6226;2046;3189;2051;2056
2995;3228;5521;5526;6226;2046;3189;2051;2056
2995;3228;5521;5528;6226;2046;3189;2051;2056
2995;3228;5521;5529;6226;2046;3189;2051;2056
2995;3228;5521;5530;6226;2046;3189;2051;2056
2995;3228;5521;5532;6226;2046;3189;2051;2056
2995;3228;5521;5534;6226;2046;3189;2051;2056
2995;3020;5522;5526;6226;2046;3189;2051;2056
2995;3020;5522;5528;6226;2046;3189;2051;2056
2995;3020;5522;5529;6226;2046;3189;2051;2056
2995;3020;5522;5530;6226;2046;3189;2051;2056
2995;3020;5522;5532;6226;2046;3189;2051;2056
2995;3020;5522;5534;6226;2046;3189;2051;2056
2995;3022;5522;5526;6226;2046;3189;2051;2056
2995;3022;5522;5528;6226;2046;3189;2051;2056
2995;3022;5522;5529;6226;2046;3189;2051;2056
2995;3022;5522;5530;6226;2046;3189;2051;2056
2995;3022;5522;5532;6226;2046;3189;2051;2056
2995;3022;5522;5534;6226;2046;3189;2051;2056
2995;3024;5522;5526;6226;2046;3189;2051;2056
2995;3024;5522;5528;6226;2046;3189;2051;2056
2995;3024;5522;5529;6226;2046;3189;2051;2056
2995;3024;5522;5530;6226;2046;3189;2051;2056
2995;3024;5522;5532;6226;2046;3189;2051;2056
2995;3024;5522;5534;6226;2046;3189;2051;2056
2995;3228;5522;5526;6226;2046;3189;2051;2056
2995;3228;5522;5528;6226;2046;3189;2051;2056
2995;3228;5522;5529;6226;2046;3189;2051;2056
2995;3228;5522;5530;6226;2046;3189;2051;2056
2995;3228;5522;5532;6226;2046;3189;2051;2056
2995;3228;5522;5534;6226;2046;3189;2051;2056
2995;3020;5523;5528;6226;2046;3189;2051;2056
2995;3020;5523;5529;6226;2046;3189;2051;2056
2995;3020;5523;5530;6226;2046;3189;2051;2056
2995;3020;5523;5532;6226;2046;3189;2051;2056
2995;3020;5523;5534;6226;2046;3189;2051;2056
2995;3022;5523;5528;6226;2046;3189;2051;2056
2995;3022;5523;5529;6226;2046;3189;2051;2056
2995;3022;5523;5530;6226;2046;3189;2051;2056
2995;3022;5523;5532;6226;2046;3189;2051;2056
2995;3022;5523;5534;6226;2046;3189;2051;2056
2995;3024;5523;5526;6226;2046;3189;2051;2056
2995;3024;5523;5528;6226;2046;3189;2051;2056
2995;3024;5523;5529;6226;2046;3189;2051;2056
2995;3024;5523;5530;6226;2046;3189;2051;2056
2995;3024;5523;5532;6226;2046;3189;2051;2056
2995;3024;5523;5534;6226;2046;3189;2051;2056
2995;3228;5523;5526;6226;2046;3189;2051;2056
2995;3228;5523;5528;6226;2046;3189;2051;2056
2995;3228;5523;5529;6226;2046;3189;2051;2056
2995;3228;5523;5530;6226;2046;3189;2051;2056
2995;3228;5523;5532;6226;2046;3189;2051;2056
2995;3228;5523;5534;6226;2046;3189;2051;2056
3000;3020;5520;5528;6222;2046;3189;2051;2056
3000;3020;5520;5529;6222;2046;3189;2051;2056
3000;3020;5520;5530;6222;2046;3189;2051;2056
3000;3020;5520;5532;6222;2046;3189;2051;2056
3000;3020;5520;5534;6222;2046;3189;2051;2056
3000;3022;5520;5528;6222;2046;3189;2051;2056
3000;3022;5520;5529;6222;2046;3189;2051;2056
3000;3022;5520;5530;6222;2046;3189;2051;2056
3000;3022;5520;5532;6222;2046;3189;2051;2056
3000;3022;5520;5534;6222;2046;3189;2051;2056
3000;3024;5520;5528;6222;2046;3189;2051;2056
3000;3024;5520;5529;6222;2046;3189;2051;2056
3000;3024;5520;5530;6222;2046;3189;2051;2056
3000;3024;5520;5532;6222;2046;3189;2051;2056
3000;3024;5520;5534;6222;2046;3189;2051;2056
3000;3228;5520;5528;6222;2046;3189;2051;2056
3000;3228;5520;5529;6222;2046;3189;2051;2056
3000;3228;5520;5530;6222;2046;3189;2051;2056
3000;3228;5520;5532;6222;2046;3189;2051;2056
3000;3228;5520;5534;6222;2046;3189;2051;2056
3000;3020;5521;5526;6222;2046;3189;2051;2056
3000;3020;5521;5528;6222;2046;3189;2051;2056
3000;3020;5521;5529;6222;2046;3189;2051;2056
3000;3020;5521;5530;6222;2046;3189;2051;2056
3000;3020;5521;5532;6222;2046;3189;2051;2056
3000;3020;5521;5534;6222;2046;3189;2051;2056
3000;3022;5521;5526;6222;2046;3189;2051;2056
3000;3022;5521;5528;6222;2046;3189;2051;2056
3000;3022;5521;5529;6222;2046;3189;2051;2056
3000;3022;5521;5530;6222;2046;3189;2051;2056
3000;3022;5521;5532;6222;2046;3189;2051;2056
3000;3022;5521;5534;6222;2046;3189;2051;2056
3000;3024;5521;5526;6222;2046;3189;2051;2056
3000;3024;5521;5528;6222;2046;3189;2051;2056
3000;3024;5521;5529;6222;2046;3189;2051;2056
3000;3024;5521;5530;6222;2046;3189;2051;2056
3000;3024;5521;5532;6222;2046;3189;2051;2056
3000;3024;5521;5534;6222;2046;3189;2051;2056
3000;3228;5521;5526;6222;2046;3189;2051;2056
3000;3228;5521;5528;6222;2046;3189;2051;2056
3000;3228;5521;5529;6222;2046;3189;2051;2056
3000;3228;5521;5530;6222;2046;3189;2051;2056
3000;3228;5521;5532;6222;2046;3189;2051;2056
3000;3228;5521;5534;6222;2046;3189;2051;2056
3000;3020;5522;5526;6222;2046;3189;2051;2056
3000;3020;5522;5528;6222;2046;3189;2051;2056
3000;3020;5522;5529;6222;2046;3189;2051;2056
3000;3020;5522;5530;6222;2046;3189;2051;2056
3000;3020;5522;5532;6222;2046;3189;2051;2056
3000;3020;5522;5534;6222;2046;3189;2051;2056
3000;3022;5522;5526;6222;2046;3189;2051;2056
3000;3022;5522;5528;6222;2046;3189;2051;2056
3000;3022;5522;5529;6222;2046;3189;2051;2056
3000;3022;5522;5530;6222;2046;3189;2051;2056
3000;3022;5522;5532;6222;2046;3189;2051;2056
3000;3022;5522;5534;6222;2046;3189;2051;2056
3000;3024;5522;5526;6222;2046;3189;2051;2056
3000;3024;5522;5528;6222;2046;3189;2051;2056
3000;3024;5522;5529;6222;2046;3189;2051;2056
3000;3024;5522;5530;6222;2046;3189;2051;2056
3000;3024;5522;5532;6222;2046;3189;2051;2056
3000;3024;5522;5534;6222;2046;3189;2051;2056
3000;3228;5522;5526;6222;2046;3189;2051;2056
3000;3228;5522;5528;6222;2046;3189;2051;2056
3000;3228;5522;5529;6222;2046;3189;2051;2056
3000;3228;5522;5530;6222;2046;3189;2051;2056
3000;3228;5522;5532;6222;2046;3189;2051;2056
3000;3228;5522;5534;6222;2046;3189;2051;2056
3000;3020;5523;5526;6222;2046;3189;2051;2056
3000;3020;5523;5528;6222;2046;3189;2051;2056
3000;3020;5523;5529;6222;2046;3189;2051;2056
3000;3020;5523;5530;6222;2046;3189;2051;2056
3000;3020;5523;5532;6222;2046;3189;2051;2056
3000;3020;5523;5534;6222;2046;3189;2051;2056
3000;3022;5523;5528;6222;2046;3189;2051;2056
3000;3022;5523;5529;6222;2046;3189;2051;2056
3000;3022;5523;5530;6222;2046;3189;2051;2056
3000;3022;5523;5532;6222;2046;3189;2051;2056
3000;3022;5523;5534;6222;2046;3189;2051;2056
3000;3024;5523;5526;6222;2046;3189;2051;2056
3000;3024;5523;5528;6222;2046;3189;2051;2056
3000;3024;5523;5529;6222;2046;3189;2051;2056
3000;3024;5523;5530;6222;2046;3189;2051;2056
3000;3024;5523;5532;6222;2046;3189;2051;2056
3000;3024;5523;5534;6222;2046;3189;2051;2056
3000;3228;5523;5526;6222;2046;3189;2051;2056
3000;3228;5523;5528;6222;2046;3189;2051;2056
3000;3228;5523;5529;6222;2046;3189;2051;2056
3000;3228;5523;5530;6222;2046;3189;2051;2056
3000;3228;5523;5532;6222;2046;3189;2051;2056
3000;3228;5523;5534;6222;2046;3189;2051;2056
3000;3020;5520;5528;6223;2046;3189;2051;2056
3000;3020;5520;5529;6223;2046;3189;2051;2056
3000;3020;5520;5530;6223;2046;3189;2051;2056
3000;3020;5520;5532;6223;2046;3189;2051;2056
3000;3020;5520;5534;6223;2046;3189;2051;2056
3000;3022;5520;5528;6223;2046;3189;2051;2056
3000;3022;5520;5529;6223;2046;3189;2051;2056
3000;3022;5520;5530;6223;2046;3189;2051;2056
3000;3022;5520;5532;6223;2046;3189;2051;2056
3000;3022;5520;5534;6223;2046;3189;2051;2056
3000;3024;5520;5528;6223;2046;3189;2051;2056
3000;3024;5520;5529;6223;2046;3189;2051;2056
3000;3024;5520;5530;6223;2046;3189;2051;2056
3000;3024;5520;5532;6223;2046;3189;2051;2056
3000;3024;5520;5534;6223;2046;3189;2051;2056
3000;3228;5520;5528;6223;2046;3189;2051;2056
3000;3228;5520;5529;6223;2046;3189;2051;2056
3000;3228;5520;5530;6223;2046;3189;2051;2056
3000;3228;5520;5532;6223;2046;3189;2051;2056
3000;3228;5520;5534;6223;2046;3189;2051;2056
3000;3020;5521;5526;6223;2046;3189;2051;2056
3000;3020;5521;5528;6223;2046;3189;2051;2056
3000;3020;5521;5529;6223;2046;3189;2051;2056
3000;3020;5521;5530;6223;2046;3189;2051;2056
3000;3020;5521;5532;6223;2046;3189;2051;2056
3000;3020;5521;5534;6223;2046;3189;2051;2056
3000;3022;5521;5526;6223;2046;3189;2051;2056
3000;3022;5521;5528;6223;2046;3189;2051;2056
3000;3022;5521;5529;6223;2046;3189;2051;2056
3000;3022;5521;5530;6223;2046;3189;2051;2056
3000;3022;5521;5532;6223;2046;3189;2051;2056
3000;3022;5521;5534;6223;2046;3189;2051;2056
3000;3024;5521;5526;6223;2046;3189;2051;2056
3000;3024;5521;5528;6223;2046;3189;2051;2056
3000;3024;5521;5529;6223;2046;3189;2051;2056
3000;3024;5521;5530;6223;2046;3189;2051;2056
3000;3024;5521;5532;6223;2046;3189;2051;2056
3000;3024;5521;5534;6223;2046;3189;2051;2056
3000;3228;5521;5526;6223;2046;3189;2051;2056
3000;3228;5521;5528;6223;2046;3189;2051;2056
3000;3228;5521;5529;6223;2046;3189;2051;2056
3000;3228;5521;5530;6223;2046;3189;2051;2056
3000;3228;5521;5532;6223;2046;3189;2051;2056
3000;3228;5521;5534;6223;2046;3189;2051;2056
3000;3020;5522;5526;6223;2046;3189;2051;2056
3000;3020;5522;5528;6223;2046;3189;2051;2056
3000;3020;5522;5529;6223;2046;3189;2051;2056
3000;3020;5522;5530;6223;2046;3189;2051;2056
3000;3020;5522;5532;6223;2046;3189;2051;2056
3000;3020;5522;5534;6223;2046;3189;2051;2056
3000;3022;5522;5526;6223;2046;3189;2051;2056
3000;3022;5522;5528;6223;2046;3189;2051;2056
3000;3022;5522;5529;6223;2046;3189;2051;2056
3000;3022;5522;5530;6223;2046;3189;2051;2056
3000;3022;5522;5532;6223;2046;3189;2051;2056
3000;3022;5522;5534;6223;2046;3189;2051;2056
3000;3024;5522;5526;6223;2046;3189;2051;2056
3000;3024;5522;5528;6223;2046;3189;2051;2056
3000;3024;5522;5529;6223;2046;3189;2051;2056
3000;3024;5522;5530;6223;2046;3189;2051;2056
3000;3024;5522;5532;6223;2046;3189;2051;2056
3000;3024;5522;5534;6223;2046;3189;2051;2056
3000;3228;5522;5526;6223;2046;3189;2051;2056
3000;3228;5522;5528;6223;2046;3189;2051;2056
3000;3228;5522;5529;6223;2046;3189;2051;2056
3000;3228;5522;5530;6223;2046;3189;2051;2056
3000;3228;5522;5532;6223;2046;3189;2051;2056
3000;3228;5522;5534;6223;2046;3189;2051;2056
3000;3020;5523;5526;6223;2046;3189;2051;2056
3000;3020;5523;5528;6223;2046;3189;2051;2056
3000;3020;5523;5529;6223;2046;3189;2051;2056
3000;3020;5523;5530;6223;2046;3189;2051;2056
3000;3020;5523;5532;6223;2046;3189;2051;2056
3000;3020;5523;5534;6223;2046;3189;2051;2056
3000;3022;5523;5528;6223;2046;3189;2051;2056
3000;3022;5523;5529;6223;2046;3189;2051;2056
3000;3022;5523;5530;6223;2046;3189;2051;2056
3000;3022;5523;5532;6223;2046;3189;2051;2056
3000;3022;5523;5534;6223;2046;3189;2051;2056
3000;3024;5523;5526;6223;2046;3189;2051;2056
3000;3024;5523;5528;6223;2046;3189;2051;2056
3000;3024;5523;5529;6223;2046;3189;2051;2056
3000;3024;5523;5530;6223;2046;3189;2051;2056
3000;3024;5523;5532;6223;2046;3189;2051;2056
3000;3024;5523;5534;6223;2046;3189;2051;2056
3000;3228;5523;5526;6223;2046;3189;2051;2056
3000;3228;5523;5528;6223;2046;3189;2051;2056
3000;3228;5523;5529;6223;2046;3189;2051;2056
3000;3228;5523;5530;6223;2046;3189;2051;2056
3000;3228;5523;5532;6223;2046;3189;2051;2056
3000;3228;5523;5534;6223;2046;3189;2051;2056
3000;3020;5520;5528;6224;2046;3189;2051;2056
3000;3020;5520;5529;6224;2046;3189;2051;2056
3000;3020;5520;5534;6224;2046;3189;2051;2056
3000;3022;5520;5534;6224;2046;3189;2051;2056
3000;3024;5520;5528;6224;2046;3189;2051;2056
3000;3024;5520;5529;6224;2046;3189;2051;2056
3000;3024;5520;5530;6224;2046;3189;2051;2056
3000;3024;5520;5532;6224;2046;3189;2051;2056
3000;3024;5520;5534;6224;2046;3189;2051;2056
3000;3228;5520;5528;6224;2046;3189;2051;2056
3000;3228;5520;5529;6224;2046;3189;2051;2056
3000;3228;5520;5530;6224;2046;3189;2051;2056
3000;3228;5520;5532;6224;2046;3189;2051;2056
3000;3228;5520;5534;6224;2046;3189;2051;2056
3000;3020;5521;5526;6224;2046;3189;2051;2056
3000;3020;5521;5528;6224;2046;3189;2051;2056
3000;3020;5521;5529;6224;2046;3189;2051;2056
3000;3020;5521;5530;6224;2046;3189;2051;2056
3000;3020;5521;5532;6224;2046;3189;2051;2056
3000;3020;5521;5534;6224;2046;3189;2051;2056
3000;3022;5521;5528;6224;2046;3189;2051;2056
3000;3022;5521;5529;6224;2046;3189;2051;2056
3000;3022;5521;5530;6224;2046;3189;2051;2056
3000;3022;5521;5532;6224;2046;3189;2051;2056
3000;3022;5521;5534;6224;2046;3189;2051;2056
3000;3024;5521;5526;6224;2046;3189;2051;2056
3000;3024;5521;5528;6224;2046;3189;2051;2056
3000;3024;5521;5529;6224;2046;3189;2051;2056
3000;3024;5521;5530;6224;2046;3189;2051;2056
3000;3024;5521;5532;6224;2046;3189;2051;2056
3000;3024;5521;5534;6224;2046;3189;2051;2056
3000;3228;5521;5526;6224;2046;3189;2051;2056
3000;3228;5521;5528;6224;2046;3189;2051;2056
3000;3228;5521;5529;6224;2046;3189;2051;2056
3000;3228;5521;5530;6224;2046;3189;2051;2056
3000;3228;5521;5532;6224;2046;3189;2051;2056
3000;3228;5521;5534;6224;2046;3189;2051;2056
3000;3020;5522;5526;6224;2046;3189;2051;2056
3000;3020;5522;5528;6224;2046;3189;2051;2056
3000;3020;5522;5529;6224;2046;3189;2051;2056
3000;3020;5522;5530;6224;2046;3189;2051;2056
3000;3020;5522;5532;6224;2046;3189;2051;2056
3000;3020;5522;5534;6224;2046;3189;2051;2056
3000;3022;5522;5528;6224;2046;3189;2051;2056
3000;3022;5522;5529;6224;2046;3189;2051;2056
3000;3022;5522;5530;6224;2046;3189;2051;2056
3000;3022;5522;5532;6224;2046;3189;2051;2056
3000;3022;5522;5534;6224;2046;3189;2051;2056
3000;3024;5522;5526;6224;2046;3189;2051;2056
3000;3024;5522;5528;6224;2046;3189;2051;2056
3000;3024;5522;5529;6224;2046;3189;2051;2056
3000;3024;5522;5530;6224;2046;3189;2051;2056
3000;3024;5522;5532;6224;2046;3189;2051;2056
3000;3024;5522;5534;6224;2046;3189;2051;2056
3000;3228;5522;5526;6224;2046;3189;2051;2056
3000;3228;5522;5528;6224;2046;3189;2051;2056
3000;3228;5522;5529;6224;2046;3189;2051;2056
3000;3228;5522;5530;6224;2046;3189;2051;2056
3000;3228;5522;5532;6224;2046;3189;2051;2056
3000;3228;5522;5534;6224;2046;3189;2051;2056
3000;3020;5523;5528;6224;2046;3189;2051;2056
3000;3020;5523;5529;6224;2046;3189;2051;2056
3000;3020;5523;5530;6224;2046;3189;2051;2056
3000;3020;5523;5532;6224;2046;3189;2051;2056
3000;3020;5523;5534;6224;2046;3189;2051;2056
3000;3022;5523;5530;6224;2046;3189;2051;2056
3000;3022;5523;5532;6224;2046;3189;2051;2056
3000;3022;5523;5534;6224;2046;3189;2051;2056
3000;3024;5523;5526;6224;2046;3189;2051;2056
3000;3024;5523;5528;6224;2046;3189;2051;2056
3000;3024;5523;5529;6224;2046;3189;2051;2056
3000;3024;5523;5530;6224;2046;3189;2051;2056
3000;3024;5523;5532;6224;2046;3189;2051;2056
3000;3024;5523;5534;6224;2046;3189;2051;2056
3000;3228;5523;5528;6224;2046;3189;2051;2056
3000;3228;5523;5529;6224;2046;3189;2051;2056
3000;3228;5523;5530;6224;2046;3189;2051;2056
3000;3228;5523;5532;6224;2046;3189;2051;2056
3000;3228;5523;5534;6224;2046;3189;2051;2056
3000;3020;5520;5528;6225;2046;3189;2051;2056
3000;3020;5520;5529;6225;2046;3189;2051;2056
3000;3020;5520;5530;6225;2046;3189;2051;2056
3000;3020;5520;5532;6225;2046;3189;2051;2056
3000;3020;5520;5534;6225;2046;3189;2051;2056
3000;3022;5520;5528;6225;2046;3189;2051;2056
3000;3022;5520;5529;6225;2046;3189;2051;2056
3000;3022;5520;5530;6225;2046;3189;2051;2056
3000;3022;5520;5532;6225;2046;3189;2051;2056
3000;3022;5520;5534;6225;2046;3189;2051;2056
3000;3024;5520;5528;6225;2046;3189;2051;2056
3000;3024;5520;5529;6225;2046;3189;2051;2056
3000;3024;5520;5530;6225;2046;3189;2051;2056
3000;3024;5520;5532;6225;2046;3189;2051;2056
3000;3024;5520;5534;6225;2046;3189;2051;2056
3000;3228;5520;5528;6225;2046;3189;2051;2056
3000;3228;5520;5529;6225;2046;3189;2051;2056
3000;3228;5520;5530;6225;2046;3189;2051;2056
3000;3228;5520;5532;6225;2046;3189;2051;2056
3000;3228;5520;5534;6225;2046;3189;2051;2056
3000;3020;5521;5526;6225;2046;3189;2051;2056
3000;3020;5521;5528;6225;2046;3189;2051;2056
3000;3020;5521;5529;6225;2046;3189;2051;2056
3000;3020;5521;5530;6225;2046;3189;2051;2056
3000;3020;5521;5532;6225;2046;3189;2051;2056
3000;3020;5521;5534;6225;2046;3189;2051;2056
3000;3022;5521;5526;6225;2046;3189;2051;2056
3000;3022;5521;5528;6225;2046;3189;2051;2056
3000;3022;5521;5529;6225;2046;3189;2051;2056
3000;3022;5521;5530;6225;2046;3189;2051;2056
3000;3022;5521;5532;6225;2046;3189;2051;2056
3000;3022;5521;5534;6225;2046;3189;2051;2056
3000;3024;5521;5526;6225;2046;3189;2051;2056
3000;3024;5521;5528;6225;2046;3189;2051;2056
3000;3024;5521;5529;6225;2046;3189;2051;2056
3000;3024;5521;5530;6225;2046;3189;2051;2056
3000;3024;5521;5532;6225;2046;3189;2051;2056
3000;3024;5521;5534;6225;2046;3189;2051;2056
3000;3228;5521;5526;6225;2046;3189;2051;2056
3000;3228;5521;5528;6225;2046;3189;2051;2056
3000;3228;5521;5529;6225;2046;3189;2051;2056
3000;3228;5521;5530;6225;2046;3189;2051;2056
3000;3228;5521;5532;6225;2046;3189;2051;2056
3000;3228;5521;5534;6225;2046;3189;2051;2056
3000;3020;5522;5526;6225;2046;3189;2051;2056
3000;3020;5522;5528;6225;2046;3189;2051;2056
3000;3020;5522;5529;6225;2046;3189;2051;2056
3000;3020;5522;5530;6225;2046;3189;2051;2056
3000;3020;5522;5532;6225;2046;3189;2051;2056
3000;3020;5522;5534;6225;2046;3189;2051;2056
3000;3022;5522;5526;6225;2046;3189;2051;2056
3000;3022;5522;5528;6225;2046;3189;2051;2056
3000;3022;5522;5529;6225;2046;3189;2051;2056
3000;3022;5522;5530;6225;2046;3189;2051;2056
3000;3022;5522;5532;6225;2046;3189;2051;2056
3000;3022;5522;5534;6225;2046;3189;2051;2056
3000;3024;5522;5526;6225;2046;3189;2051;2056
3000;3024;5522;5528;6225;2046;3189;2051;2056
3000;3024;5522;5529;6225;2046;3189;2051;2056
3000;3024;5522;5530;6225;2046;3189;2051;2056
3000;3024;5522;5532;6225;2046;3189;2051;2056
3000;3024;5522;5534;6225;2046;3189;2051;2056
3000;3228;5522;5526;6225;2046;3189;2051;2056
3000;3228;5522;5528;6225;2046;3189;2051;2056
3000;3228;5522;5529;6225;2046;3189;2051;2056
3000;3228;5522;5530;6225;2046;3189;2051;2056
3000;3228;5522;5532;6225;2046;3189;2051;2056
3000;3228;5522;5534;6225;2046;3189;2051;2056
3000;3020;5523;5528;6225;2046;3189;2051;2056
3000;3020;5523;5529;6225;2046;3189;2051;2056
3000;3020;5523;5530;6225;2046;3189;2051;2056
3000;3020;5523;5532;6225;2046;3189;2051;2056
3000;3020;5523;5534;6225;2046;3189;2051;2056
3000;3022;5523;5528;6225;2046;3189;2051;2056
3000;3022;5523;5529;6225;2046;3189;2051;2056
3000;3022;5523;5530;6225;2046;3189;2051;2056
3000;3022;5523;5532;6225;2046;3189;2051;2056
3000;3022;5523;5534;6225;2046;3189;2051;2056
3000;3024;5523;5526;6225;2046;3189;2051;2056
3000;3024;5523;5528;6225;2046;3189;2051;2056
3000;3024;5523;5529;6225;2046;3189;2051;2056
3000;3024;5523;5530;6225;2046;3189;2051;2056
3000;3024;5523;5532;6225;2046;3189;2051;2056
3000;3024;5523;5534;6225;2046;3189;2051;2056
3000;3228;5523;5526;6225;2046;3189;2051;2056
3000;3228;5523;5528;6225;2046;3189;2051;2056
3000;3228;5523;5529;6225;2046;3189;2051;2056
3000;3228;5523;5530;6225;2046;3189;2051;2056
3000;3228;5523;5532;6225;2046;3189;2051;2056
3000;3228;5523;5534;6225;2046;3189;2051;2056
3000;3020;5520;5528;6226;2046;3189;2051;2056
3000;3022;5520;5528;6226;2046;3189;2051;2056
3000;3022;5520;5529;6226;2046;3189;2051;2056
3000;3022;5520;5534;6226;2046;3189;2051;2056
3000;3024;5520;5528;6226;2046;3189;2051;2056
3000;3024;5520;5529;6226;2046;3189;2051;2056
3000;3024;5520;5530;6226;2046;3189;2051;2056
3000;3024;5520;5532;6226;2046;3189;2051;2056
3000;3024;5520;5534;6226;2046;3189;2051;2056
3000;3228;5520;5528;6226;2046;3189;2051;2056
3000;3228;5520;5529;6226;2046;3189;2051;2056
3000;3228;5520;5530;6226;2046;3189;2051;2056
3000;3228;5520;5532;6226;2046;3189;2051;2056
3000;3228;5520;5534;6226;2046;3189;2051;2056
3000;3020;5521;5526;6226;2046;3189;2051;2056
3000;3020;5521;5528;6226;2046;3189;2051;2056
3000;3020;5521;5529;6226;2046;3189;2051;2056
3000;3020;5521;5530;6226;2046;3189;2051;2056
3000;3020;5521;5532;6226;2046;3189;2051;2056
3000;3020;5521;5534;6226;2046;3189;2051;2056
3000;3022;5521;5526;6226;2046;3189;2051;2056
3000;3022;5521;5528;6226;2046;3189;2051;2056
3000;3022;5521;5529;6226;2046;3189;2051;2056
3000;3022;5521;5530;6226;2046;3189;2051;2056
3000;3022;5521;5532;6226;2046;3189;2051;2056
3000;3022;5521;5534;6226;2046;3189;2051;2056
3000;3024;5521;5526;6226;2046;3189;2051;2056
3000;3024;5521;5528;6226;2046;3189;2051;2056
3000;3024;5521;5529;6226;2046;3189;2051;2056
3000;3024;5521;5530;6226;2046;3189;2051;2056
3000;3024;5521;5532;6226;2046;3189;2051;2056
3000;3024;5521;5534;6226;2046;3189;2051;2056
3000;3228;5521;5526;6226;2046;3189;2051;2056
3000;3228;5521;5528;6226;2046;3189;2051;2056
3000;3228;5521;5529;6226;2046;3189;2051;2056
3000;3228;5521;5530;6226;2046;3189;2051;2056
3000;3228;5521;5532;6226;2046;3189;2051;2056
3000;3228;5521;5534;6226;2046;3189;2051;2056
3000;3020;5522;5526;6226;2046;3189;2051;2056
3000;3020;5522;5528;6226;2046;3189;2051;2056
3000;3020;5522;5529;6226;2046;3189;2051;2056
3000;3020;5522;5530;6226;2046;3189;2051;2056
3000;3020;5522;5532;6226;2046;3189;2051;2056
3000;3020;5522;5534;6226;2046;3189;2051;2056
3000;3022;5522;5526;6226;2046;3189;2051;2056
3000;3022;5522;5528;6226;2046;3189;2051;2056
3000;3022;5522;5529;6226;2046;3189;2051;2056
3000;3022;5522;5530;6226;2046;3189;2051;2056
3000;3022;5522;5532;6226;2046;3189;2051;2056
3000;3022;5522;5534;6226;2046;3189;2051;2056
3000;3024;5522;5526;6226;2046;3189;2051;2056
3000;3024;5522;5528;6226;2046;3189;2051;2056
3000;3024;5522;5529;6226;2046;3189;2051;2056
3000;3024;5522;5530;6226;2046;3189;2051;2056
3000;3024;5522;5532;6226;2046;3189;2051;2056
3000;3024;5522;5534;6226;2046;3189;2051;2056
3000;3228;5522;5526;6226;2046;3189;2051;2056
3000;3228;5522;5528;6226;2046;3189;2051;2056
3000;3228;5522;5529;6226;2046;3189;2051;2056
3000;3228;5522;5530;6226;2046;3189;2051;2056
3000;3228;5522;5532;6226;2046;3189;2051;2056
3000;3228;5522;5534;6226;2046;3189;2051;2056
3000;3020;5523;5528;6226;2046;3189;2051;2056
3000;3020;5523;5529;6226;2046;3189;2051;2056
3000;3020;5523;5530;6226;2046;3189;2051;2056
3000;3020;5523;5532;6226;2046;3189;2051;2056
3000;3020;5523;5534;6226;2046;3189;2051;2056
3000;3022;5523;5528;6226;2046;3189;2051;2056
3000;3022;5523;5529;6226;2046;3189;2051;2056
3000;3022;5523;5530;6226;2046;3189;2051;2056
3000;3022;5523;5532;6226;2046;3189;2051;2056
3000;3022;5523;5534;6226;2046;3189;2051;2056
3000;3024;5523;5526;6226;2046;3189;2051;2056
3000;3024;5523;5528;6226;2046;3189;2051;2056
3000;3024;5523;5529;6226;2046;3189;2051;2056
3000;3024;5523;5530;6226;2046;3189;2051;2056
3000;3024;5523;5532;6226;2046;3189;2051;2056
3000;3024;5523;5534;6226;2046;3189;2051;2056
3000;3228;5523;5526;6226;2046;3189;2051;2056
3000;3228;5523;5528;6226;2046;3189;2051;2056
3000;3228;5523;5529;6226;2046;3189;2051;2056
3000;3228;5523;5530;6226;2046;3189;2051;2056
3000;3228;5523;5532;6226;2046;3189;2051;2056
3000;3228;5523;5534;6226;2046;3189;2051;2056
3020;3221;5520;5528;6222;2046;3189;2051;2056
3020;3221;5520;5529;6222;2046;3189;2051;2056
3020;3221;5520;5530;6222;2046;3189;2051;2056
3020;3221;5520;5532;6222;2046;3189;2051;2056
3020;3221;5520;5534;6222;2046;3189;2051;2056
3022;3221;5520;5528;6222;2046;3189;2051;2056
3022;3221;5520;5529;6222;2046;3189;2051;2056
3022;3221;5520;5530;6222;2046;3189;2051;2056
3022;3221;5520;5532;6222;2046;3189;2051;2056
3022;3221;5520;5534;6222;2046;3189;2051;2056
3024;3221;5520;5528;6222;2046;3189;2051;2056
3024;3221;5520;5529;6222;2046;3189;2051;2056
3024;3221;5520;5530;6222;2046;3189;2051;2056
3024;3221;5520;5532;6222;2046;3189;2051;2056
3024;3221;5520;5534;6222;2046;3189;2051;2056
3221;3228;5520;5528;6222;2046;3189;2051;2056
3221;3228;5520;5529;6222;2046;3189;2051;2056
3221;3228;5520;5530;6222;2046;3189;2051;2056
3221;3228;5520;5532;6222;2046;3189;2051;2056
3221;3228;5520;5534;6222;2046;3189;2051;2056
3020;3221;5521;5526;6222;2046;3189;2051;2056
3020;3221;5521;5528;6222;2046;3189;2051;2056
3020;3221;5521;5529;6222;2046;3189;2051;2056
3020;3221;5521;5530;6222;2046;3189;2051;2056
3020;3221;5521;5532;6222;2046;3189;2051;2056
3020;3221;5521;5534;6222;2046;3189;2051;2056
3022;3221;5521;5526;6222;2046;3189;2051;2056
3022;3221;5521;5528;6222;2046;3189;2051;2056
3022;3221;5521;5529;6222;2046;3189;2051;2056
3022;3221;5521;5530;6222;2046;3189;2051;2056
3022;3221;5521;5532;6222;2046;3189;2051;2056
3022;3221;5521;5534;6222;2046;3189;2051;2056
3024;3221;5521;5526;6222;2046;3189;2051;2056
3024;3221;5521;5528;6222;2046;3189;2051;2056
3024;3221;5521;5529;6222;2046;3189;2051;2056
3024;3221;5521;5530;6222;2046;3189;2051;2056
3024;3221;5521;5532;6222;2046;3189;2051;2056
3024;3221;5521;5534;6222;2046;3189;2051;2056
3221;3228;5521;5526;6222;2046;3189;2051;2056
3221;3228;5521;5528;6222;2046;3189;2051;2056
3221;3228;5521;5529;6222;2046;3189;2051;2056
3221;3228;5521;5530;6222;2046;3189;2051;2056
3221;3228;5521;5532;6222;2046;3189;2051;2056
3221;3228;5521;5534;6222;2046;3189;2051;2056
3020;3221;5522;5526;6222;2046;3189;2051;2056
3020;3221;5522;5528;6222;2046;3189;2051;2056
3020;3221;5522;5529;6222;2046;3189;2051;2056
3020;3221;5522;5530;6222;2046;3189;2051;2056
3020;3221;5522;5532;6222;2046;3189;2051;2056
3020;3221;5522;5534;6222;2046;3189;2051;2056
3022;3221;5522;5526;6222;2046;3189;2051;2056
3022;3221;5522;5528;6222;2046;3189;2051;2056
3022;3221;5522;5529;6222;2046;3189;2051;2056
3022;3221;5522;5530;6222;2046;3189;2051;2056
3022;3221;5522;5532;6222;2046;3189;2051;2056
3022;3221;5522;5534;6222;2046;3189;2051;2056
3024;3221;5522;5526;6222;2046;3189;2051;2056
3024;3221;5522;5528;6222;2046;3189;2051;2056
3024;3221;5522;5529;6222;2046;3189;2051;2056
3024;3221;5522;5530;6222;2046;3189;2051;2056
3024;3221;5522;5532;6222;2046;3189;2051;2056
3024;3221;5522;5534;6222;2046;3189;2051;2056
3221;3228;5522;5526;6222;2046;3189;2051;2056
3221;3228;5522;5528;6222;2046;3189;2051;2056
3221;3228;5522;5529;6222;2046;3189;2051;2056
3221;3228;5522;5530;6222;2046;3189;2051;2056
3221;3228;5522;5532;6222;2046;3189;2051;2056
3221;3228;5522;5534;6222;2046;3189;2051;2056
3020;3221;5523;5526;6222;2046;3189;2051;2056
3020;3221;5523;5528;6222;2046;3189;2051;2056
3020;3221;5523;5529;6222;2046;3189;2051;2056
3020;3221;5523;5530;6222;2046;3189;2051;2056
3020;3221;5523;5532;6222;2046;3189;2051;2056
3020;3221;5523;5534;6222;2046;3189;2051;2056
3022;3221;5523;5526;6222;2046;3189;2051;2056
3022;3221;5523;5528;6222;2046;3189;2051;2056
3022;3221;5523;5529;6222;2046;3189;2051;2056
3022;3221;5523;5530;6222;2046;3189;2051;2056
3022;3221;5523;5532;6222;2046;3189;2051;2056
3022;3221;5523;5534;6222;2046;3189;2051;2056
3024;3221;5523;5526;6222;2046;3189;2051;2056
3024;3221;5523;5528;6222;2046;3189;2051;2056
3024;3221;5523;5529;6222;2046;3189;2051;2056
3024;3221;5523;5530;6222;2046;3189;2051;2056
3024;3221;5523;5532;6222;2046;3189;2051;2056
3024;3221;5523;5534;6222;2046;3189;2051;2056
3221;3228;5523;5526;6222;2046;3189;2051;2056
3221;3228;5523;5528;6222;2046;3189;2051;2056
3221;3228;5523;5529;6222;2046;3189;2051;2056
3221;3228;5523;5530;6222;2046;3189;2051;2056
3221;3228;5523;5532;6222;2046;3189;2051;2056
3221;3228;5523;5534;6222;2046;3189;2051;2056
3020;3221;5520;5528;6223;2046;3189;2051;2056
3020;3221;5520;5529;6223;2046;3189;2051;2056
3020;3221;5520;5530;6223;2046;3189;2051;2056
3020;3221;5520;5532;6223;2046;3189;2051;2056
3020;3221;5520;5534;6223;2046;3189;2051;2056
3022;3221;5520;5528;6223;2046;3189;2051;2056
3022;3221;5520;5529;6223;2046;3189;2051;2056
3022;3221;5520;5530;6223;2046;3189;2051;2056
3022;3221;5520;5532;6223;2046;3189;2051;2056
3022;3221;5520;5534;6223;2046;3189;2051;2056
3024;3221;5520;5528;6223;2046;3189;2051;2056
3024;3221;5520;5529;6223;2046;3189;2051;2056
3024;3221;5520;5530;6223;2046;3189;2051;2056
3024;3221;5520;5532;6223;2046;3189;2051;2056
3024;3221;5520;5534;6223;2046;3189;2051;2056
3221;3228;5520;5528;6223;2046;3189;2051;2056
3221;3228;5520;5529;6223;2046;3189;2051;2056
3221;3228;5520;5530;6223;2046;3189;2051;2056
3221;3228;5520;5532;6223;2046;3189;2051;2056
3221;3228;5520;5534;6223;2046;3189;2051;2056
3020;3221;5521;5526;6223;2046;3189;2051;2056
3020;3221;5521;5528;6223;2046;3189;2051;2056
3020;3221;5521;5529;6223;2046;3189;2051;2056
3020;3221;5521;5530;6223;2046;3189;2051;2056
3020;3221;5521;5532;6223;2046;3189;2051;2056
3020;3221;5521;5534;6223;2046;3189;2051;2056
3022;3221;5521;5526;6223;2046;3189;2051;2056
3022;3221;5521;5528;6223;2046;3189;2051;2056
3022;3221;5521;5529;6223;2046;3189;2051;2056
3022;3221;5521;5530;6223;2046;3189;2051;2056
3022;3221;5521;5532;6223;2046;3189;2051;2056
3022;3221;5521;5534;6223;2046;3189;2051;2056
3024;3221;5521;5526;6223;2046;3189;2051;2056
3024;3221;5521;5528;6223;2046;3189;2051;2056
3024;3221;5521;5529;6223;2046;3189;2051;2056
3024;3221;5521;5530;6223;2046;3189;2051;2056
3024;3221;5521;5532;6223;2046;3189;2051;2056
3024;3221;5521;5534;6223;2046;3189;2051;2056
3221;3228;5521;5526;6223;2046;3189;2051;2056
3221;3228;5521;5528;6223;2046;3189;2051;2056
3221;3228;5521;5529;6223;2046;3189;2051;2056
3221;3228;5521;5530;6223;2046;3189;2051;2056
3221;3228;5521;5532;6223;2046;3189;2051;2056
3221;3228;5521;5534;6223;2046;3189;2051;2056
3020;3221;5522;5526;6223;2046;3189;2051;2056
3020;3221;5522;5528;6223;2046;3189;2051;2056
3020;3221;5522;5529;6223;2046;3189;2051;2056
3020;3221;5522;5530;6223;2046;3189;2051;2056
3020;3221;5522;5532;6223;2046;3189;2051;2056
3020;3221;5522;5534;6223;2046;3189;2051;2056
3022;3221;5522;5526;6223;2046;3189;2051;2056
3022;3221;5522;5528;6223;2046;3189;2051;2056
3022;3221;5522;5529;6223;2046;3189;2051;2056
3022;3221;5522;5530;6223;2046;3189;2051;2056
3022;3221;5522;5532;6223;2046;3189;2051;2056
3022;3221;5522;5534;6223;2046;3189;2051;2056
3024;3221;5522;5526;6223;2046;3189;2051;2056
3024;3221;5522;5528;6223;2046;3189;2051;2056
3024;3221;5522;5529;6223;2046;3189;2051;2056
3024;3221;5522;5530;6223;2046;3189;2051;2056
3024;3221;5522;5532;6223;2046;3189;2051;2056
3024;3221;5522;5534;6223;2046;3189;2051;2056
3221;3228;5522;5526;6223;2046;3189;2051;2056
3221;3228;5522;5528;6223;2046;3189;2051;2056
3221;3228;5522;5529;6223;2046;3189;2051;2056
3221;3228;5522;5530;6223;2046;3189;2051;2056
3221;3228;5522;5532;6223;2046;3189;2051;2056
3221;3228;5522;5534;6223;2046;3189;2051;2056
3020;3221;5523;5526;6223;2046;3189;2051;2056
3020;3221;5523;5528;6223;2046;3189;2051;2056
3020;3221;5523;5529;6223;2046;3189;2051;2056
3020;3221;5523;5530;6223;2046;3189;2051;2056
3020;3221;5523;5532;6223;2046;3189;2051;2056
3020;3221;5523;5534;6223;2046;3189;2051;2056
3022;3221;5523;5526;6223;2046;3189;2051;2056
3022;3221;5523;5528;6223;2046;3189;2051;2056
3022;3221;5523;5529;6223;2046;3189;2051;2056
3022;3221;5523;5530;6223;2046;3189;2051;2056
3022;3221;5523;5532;6223;2046;3189;2051;2056
3022;3221;5523;5534;6223;2046;3189;2051;2056
3024;3221;5523;5526;6223;2046;3189;2051;2056
3024;3221;5523;5528;6223;2046;3189;2051;2056
3024;3221;5523;5529;6223;2046;3189;2051;2056
3024;3221;5523;5530;6223;2046;3189;2051;2056
3024;3221;5523;5532;6223;2046;3189;2051;2056
3024;3221;5523;5534;6223;2046;3189;2051;2056
3221;3228;5523;5526;6223;2046;3189;2051;2056
3221;3228;5523;5528;6223;2046;3189;2051;2056
3221;3228;5523;5529;6223;2046;3189;2051;2056
3221;3228;5523;5530;6223;2046;3189;2051;2056
3221;3228;5523;5532;6223;2046;3189;2051;2056
3221;3228;5523;5534;6223;2046;3189;2051;2056
3020;3221;5520;5528;6224;2046;3189;2051;2056
3020;3221;5520;5529;6224;2046;3189;2051;2056
3020;3221;5520;5530;6224;2046;3189;2051;2056
3020;3221;5520;5532;6224;2046;3189;2051;2056
3020;3221;5520;5534;6224;2046;3189;2051;2056
3022;3221;5520;5528;6224;2046;3189;2051;2056
3022;3221;5520;5529;6224;2046;3189;2051;2056
3022;3221;5520;5530;6224;2046;3189;2051;2056
3022;3221;5520;5532;6224;2046;3189;2051;2056
3022;3221;5520;5534;6224;2046;3189;2051;2056
3024;3221;5520;5528;6224;2046;3189;2051;2056
3024;3221;5520;5529;6224;2046;3189;2051;2056
3024;3221;5520;5530;6224;2046;3189;2051;2056
3024;3221;5520;5532;6224;2046;3189;2051;2056
3024;3221;5520;5534;6224;2046;3189;2051;2056
3221;3228;5520;5528;6224;2046;3189;2051;2056
3221;3228;5520;5529;6224;2046;3189;2051;2056
3221;3228;5520;5530;6224;2046;3189;2051;2056
3221;3228;5520;5532;6224;2046;3189;2051;2056
3221;3228;5520;5534;6224;2046;3189;2051;2056
3020;3221;5521;5526;6224;2046;3189;2051;2056
3020;3221;5521;5528;6224;2046;3189;2051;2056
3020;3221;5521;5529;6224;2046;3189;2051;2056
3020;3221;5521;5530;6224;2046;3189;2051;2056
3020;3221;5521;5532;6224;2046;3189;2051;2056
3020;3221;5521;5534;6224;2046;3189;2051;2056
3022;3221;5521;5526;6224;2046;3189;2051;2056
3022;3221;5521;5528;6224;2046;3189;2051;2056
3022;3221;5521;5529;6224;2046;3189;2051;2056
3022;3221;5521;5530;6224;2046;3189;2051;2056
3022;3221;5521;5532;6224;2046;3189;2051;2056
3022;3221;5521;5534;6224;2046;3189;2051;2056
3024;3221;5521;5526;6224;2046;3189;2051;2056
3024;3221;5521;5528;6224;2046;3189;2051;2056
3024;3221;5521;5529;6224;2046;3189;2051;2056
3024;3221;5521;5530;6224;2046;3189;2051;2056
3024;3221;5521;5532;6224;2046;3189;2051;2056
3024;3221;5521;5534;6224;2046;3189;2051;2056
3221;3228;5521;5526;6224;2046;3189;2051;2056
3221;3228;5521;5528;6224;2046;3189;2051;2056
3221;3228;5521;5529;6224;2046;3189;2051;2056
3221;3228;5521;5530;6224;2046;3189;2051;2056
3221;3228;5521;5532;6224;2046;3189;2051;2056
3221;3228;5521;5534;6224;2046;3189;2051;2056
3020;3221;5522;5526;6224;2046;3189;2051;2056
3020;3221;5522;5528;6224;2046;3189;2051;2056
3020;3221;5522;5529;6224;2046;3189;2051;2056
3020;3221;5522;5530;6224;2046;3189;2051;2056
3020;3221;5522;5532;6224;2046;3189;2051;2056
3020;3221;5522;5534;6224;2046;3189;2051;2056
3022;3221;5522;5526;6224;2046;3189;2051;2056
3022;3221;5522;5528;6224;2046;3189;2051;2056
3022;3221;5522;5529;6224;2046;3189;2051;2056
3022;3221;5522;5530;6224;2046;3189;2051;2056
3022;3221;5522;5532;6224;2046;3189;2051;2056
3022;3221;5522;5534;6224;2046;3189;2051;2056
3024;3221;5522;5526;6224;2046;3189;2051;2056
3024;3221;5522;5528;6224;2046;3189;2051;2056
3024;3221;5522;5529;6224;2046;3189;2051;2056
3024;3221;5522;5530;6224;2046;3189;2051;2056
3024;3221;5522;5532;6224;2046;3189;2051;2056
3024;3221;5522;5534;6224;2046;3189;2051;2056
3221;3228;5522;5526;6224;2046;3189;2051;2056
3221;3228;5522;5528;6224;2046;3189;2051;2056
3221;3228;5522;5529;6224;2046;3189;2051;2056
3221;3228;5522;5530;6224;2046;3189;2051;2056
3221;3228;5522;5532;6224;2046;3189;2051;2056
3221;3228;5522;5534;6224;2046;3189;2051;2056
3020;3221;5523;5528;6224;2046;3189;2051;2056
3020;3221;5523;5529;6224;2046;3189;2051;2056
3020;3221;5523;5530;6224;2046;3189;2051;2056
3020;3221;5523;5532;6224;2046;3189;2051;2056
3020;3221;5523;5534;6224;2046;3189;2051;2056
3022;3221;5523;5526;6224;2046;3189;2051;2056
3022;3221;5523;5528;6224;2046;3189;2051;2056
3022;3221;5523;5529;6224;2046;3189;2051;2056
3022;3221;5523;5530;6224;2046;3189;2051;2056
3022;3221;5523;5532;6224;2046;3189;2051;2056
3022;3221;5523;5534;6224;2046;3189;2051;2056
3024;3221;5523;5526;6224;2046;3189;2051;2056
3024;3221;5523;5528;6224;2046;3189;2051;2056
3024;3221;5523;5529;6224;2046;3189;2051;2056
3024;3221;5523;5530;6224;2046;3189;2051;2056
3024;3221;5523;5532;6224;2046;3189;2051;2056
3024;3221;5523;5534;6224;2046;3189;2051;2056
3221;3228;5523;5526;6224;2046;3189;2051;2056
3221;3228;5523;5528;6224;2046;3189;2051;2056
3221;3228;5523;5529;6224;2046;3189;2051;2056
3221;3228;5523;5530;6224;2046;3189;2051;2056
3221;3228;5523;5532;6224;2046;3189;2051;2056
3221;3228;5523;5534;6224;2046;3189;2051;2056
3020;3221;5520;5528;6225;2046;3189;2051;2056
3020;3221;5520;5529;6225;2046;3189;2051;2056
3020;3221;5520;5530;6225;2046;3189;2051;2056
3020;3221;5520;5532;6225;2046;3189;2051;2056
3020;3221;5520;5534;6225;2046;3189;2051;2056
3022;3221;5520;5528;6225;2046;3189;2051;2056
3022;3221;5520;5529;6225;2046;3189;2051;2056
3022;3221;5520;5530;6225;2046;3189;2051;2056
3022;3221;5520;5532;6225;2046;3189;2051;2056
3022;3221;5520;5534;6225;2046;3189;2051;2056
3024;3221;5520;5528;6225;2046;3189;2051;2056
3024;3221;5520;5529;6225;2046;3189;2051;2056
3024;3221;5520;5530;6225;2046;3189;2051;2056
3024;3221;5520;5532;6225;2046;3189;2051;2056
3024;3221;5520;5534;6225;2046;3189;2051;2056
3221;3228;5520;5528;6225;2046;3189;2051;2056
3221;3228;5520;5529;6225;2046;3189;2051;2056
3221;3228;5520;5530;6225;2046;3189;2051;2056
3221;3228;5520;5532;6225;2046;3189;2051;2056
3221;3228;5520;5534;6225;2046;3189;2051;2056
3020;3221;5521;5526;6225;2046;3189;2051;2056
3020;3221;5521;5528;6225;2046;3189;2051;2056
3020;3221;5521;5529;6225;2046;3189;2051;2056
3020;3221;5521;5530;6225;2046;3189;2051;2056
3020;3221;5521;5532;6225;2046;3189;2051;2056
3020;3221;5521;5534;6225;2046;3189;2051;2056
3022;3221;5521;5526;6225;2046;3189;2051;2056
3022;3221;5521;5528;6225;2046;3189;2051;2056
3022;3221;5521;5529;6225;2046;3189;2051;2056
3022;3221;5521;5530;6225;2046;3189;2051;2056
3022;3221;5521;5532;6225;2046;3189;2051;2056
3022;3221;5521;5534;6225;2046;3189;2051;2056
3024;3221;5521;5526;6225;2046;3189;2051;2056
3024;3221;5521;5528;6225;2046;3189;2051;2056
3024;3221;5521;5529;6225;2046;3189;2051;2056
3024;3221;5521;5530;6225;2046;3189;2051;2056
3024;3221;5521;5532;6225;2046;3189;2051;2056
3024;3221;5521;5534;6225;2046;3189;2051;2056
3221;3228;5521;5526;6225;2046;3189;2051;2056
3221;3228;5521;5528;6225;2046;3189;2051;2056
3221;3228;5521;5529;6225;2046;3189;2051;2056
3221;3228;5521;5530;6225;2046;3189;2051;2056
3221;3228;5521;5532;6225;2046;3189;2051;2056
3221;3228;5521;5534;6225;2046;3189;2051;2056
3020;3221;5522;5526;6225;2046;3189;2051;2056
3020;3221;5522;5528;6225;2046;3189;2051;2056
3020;3221;5522;5529;6225;2046;3189;2051;2056
3020;3221;5522;5530;6225;2046;3189;2051;2056
3020;3221;5522;5532;6225;2046;3189;2051;2056
3020;3221;5522;5534;6225;2046;3189;2051;2056
3022;3221;5522;5526;6225;2046;3189;2051;2056
3022;3221;5522;5528;6225;2046;3189;2051;2056
3022;3221;5522;5529;6225;2046;3189;2051;2056
3022;3221;5522;5530;6225;2046;3189;2051;2056
3022;3221;5522;5532;6225;2046;3189;2051;2056
3022;3221;5522;5534;6225;2046;3189;2051;2056
3024;3221;5522;5526;6225;2046;3189;2051;2056
3024;3221;5522;5528;6225;2046;3189;2051;2056
3024;3221;5522;5529;6225;2046;3189;2051;2056
3024;3221;5522;5530;6225;2046;3189;2051;2056
3024;3221;5522;5532;6225;2046;3189;2051;2056
3024;3221;5522;5534;6225;2046;3189;2051;2056
3221;3228;5522;5526;6225;2046;3189;2051;2056
3221;3228;5522;5528;6225;2046;3189;2051;2056
3221;3228;5522;5529;6225;2046;3189;2051;2056
3221;3228;5522;5530;6225;2046;3189;2051;2056
3221;3228;5522;5532;6225;2046;3189;2051;2056
3221;3228;5522;5534;6225;2046;3189;2051;2056
3020;3221;5523;5526;6225;2046;3189;2051;2056
3020;3221;5523;5528;6225;2046;3189;2051;2056
3020;3221;5523;5529;6225;2046;3189;2051;2056
3020;3221;5523;5530;6225;2046;3189;2051;2056
3020;3221;5523;5532;6225;2046;3189;2051;2056
3020;3221;5523;5534;6225;2046;3189;2051;2056
3022;3221;5523;5526;6225;2046;3189;2051;2056
3022;3221;5523;5528;6225;2046;3189;2051;2056
3022;3221;5523;5529;6225;2046;3189;2051;2056
3022;3221;5523;5530;6225;2046;3189;2051;2056
3022;3221;5523;5532;6225;2046;3189;2051;2056
3022;3221;5523;5534;6225;2046;3189;2051;2056
3024;3221;5523;5526;6225;2046;3189;2051;2056
3024;3221;5523;5528;6225;2046;3189;2051;2056
3024;3221;5523;5529;6225;2046;3189;2051;2056
3024;3221;5523;5530;6225;2046;3189;2051;2056
3024;3221;5523;5532;6225;2046;3189;2051;2056
3024;3221;5523;5534;6225;2046;3189;2051;2056
3221;3228;5523;5526;6225;2046;3189;2051;2056
3221;3228;5523;5528;6225;2046;3189;2051;2056
3221;3228;5523;5529;6225;2046;3189;2051;2056
3221;3228;5523;5530;6225;2046;3189;2051;2056
3221;3228;5523;5532;6225;2046;3189;2051;2056
3221;3228;5523;5534;6225;2046;3189;2051;2056
3020;3221;5520;5528;6226;2046;3189;2051;2056
3020;3221;5520;5529;6226;2046;3189;2051;2056
3020;3221;5520;5530;6226;2046;3189;2051;2056
3020;3221;5520;5532;6226;2046;3189;2051;2056
3020;3221;5520;5534;6226;2046;3189;2051;2056
3022;3221;5520;5528;6226;2046;3189;2051;2056
3022;3221;5520;5529;6226;2046;3189;2051;2056
3022;3221;5520;5530;6226;2046;3189;2051;2056
3022;3221;5520;5532;6226;2046;3189;2051;2056
3022;3221;5520;5534;6226;2046;3189;2051;2056
3024;3221;5520;5528;6226;2046;3189;2051;2056
3024;3221;5520;5529;6226;2046;3189;2051;2056
3024;3221;5520;5530;6226;2046;3189;2051;2056
3024;3221;5520;5532;6226;2046;3189;2051;2056
3024;3221;5520;5534;6226;2046;3189;2051;2056
3221;3228;5520;5528;6226;2046;3189;2051;2056
3221;3228;5520;5529;6226;2046;3189;2051;2056
3221;3228;5520;5530;6226;2046;3189;2051;2056
3221;3228;5520;5532;6226;2046;3189;2051;2056
3221;3228;5520;5534;6226;2046;3189;2051;2056
3020;3221;5521;5526;6226;2046;3189;2051;2056
3020;3221;5521;5528;6226;2046;3189;2051;2056
3020;3221;5521;5529;6226;2046;3189;2051;2056
3020;3221;5521;5530;6226;2046;3189;2051;2056
3020;3221;5521;5532;6226;2046;3189;2051;2056
3020;3221;5521;5534;6226;2046;3189;2051;2056
3022;3221;5521;5526;6226;2046;3189;2051;2056
3022;3221;5521;5528;6226;2046;3189;2051;2056
3022;3221;5521;5529;6226;2046;3189;2051;2056
3022;3221;5521;5530;6226;2046;3189;2051;2056
3022;3221;5521;5532;6226;2046;3189;2051;2056
3022;3221;5521;5534;6226;2046;3189;2051;2056
3024;3221;5521;5526;6226;2046;3189;2051;2056
3024;3221;5521;5528;6226;2046;3189;2051;2056
3024;3221;5521;5529;6226;2046;3189;2051;2056
3024;3221;5521;5530;6226;2046;3189;2051;2056
3024;3221;5521;5532;6226;2046;3189;2051;2056
3024;3221;5521;5534;6226;2046;3189;2051;2056
3221;3228;5521;5526;6226;2046;3189;2051;2056
3221;3228;5521;5528;6226;2046;3189;2051;2056
3221;3228;5521;5529;6226;2046;3189;2051;2056
3221;3228;5521;5530;6226;2046;3189;2051;2056
3221;3228;5521;5532;6226;2046;3189;2051;2056
3221;3228;5521;5534;6226;2046;3189;2051;2056
3020;3221;5522;5526;6226;2046;3189;2051;2056
3020;3221;5522;5528;6226;2046;3189;2051;2056
3020;3221;5522;5529;6226;2046;3189;2051;2056
3020;3221;5522;5530;6226;2046;3189;2051;2056
3020;3221;5522;5532;6226;2046;3189;2051;2056
3020;3221;5522;5534;6226;2046;3189;2051;2056
3022;3221;5522;5526;6226;2046;3189;2051;2056
3022;3221;5522;5528;6226;2046;3189;2051;2056
3022;3221;5522;5529;6226;2046;3189;2051;2056
3022;3221;5522;5530;6226;2046;3189;2051;2056
3022;3221;5522;5532;6226;2046;3189;2051;2056
3022;3221;5522;5534;6226;2046;3189;2051;2056
3024;3221;5522;5526;6226;2046;3189;2051;2056
3024;3221;5522;5528;6226;2046;3189;2051;2056
3024;3221;5522;5529;6226;2046;3189;2051;2056
3024;3221;5522;5530;6226;2046;3189;2051;2056
3024;3221;5522;5532;6226;2046;3189;2051;2056
3024;3221;5522;5534;6226;2046;3189;2051;2056
3221;3228;5522;5526;6226;2046;3189;2051;2056
3221;3228;5522;5528;6226;2046;3189;2051;2056
3221;3228;5522;5529;6226;2046;3189;2051;2056
3221;3228;5522;5530;6226;2046;3189;2051;2056
3221;3228;5522;5532;6226;2046;3189;2051;2056
3221;3228;5522;5534;6226;2046;3189;2051;2056
3020;3221;5523;5528;6226;2046;3189;2051;2056
3020;3221;5523;5529;6226;2046;3189;2051;2056
3020;3221;5523;5530;6226;2046;3189;2051;2056
3020;3221;5523;5532;6226;2046;3189;2051;2056
3020;3221;5523;5534;6226;2046;3189;2051;2056
3022;3221;5523;5526;6226;2046;3189;2051;2056
3022;3221;5523;5528;6226;2046;3189;2051;2056
3022;3221;5523;5529;6226;2046;3189;2051;2056
3022;3221;5523;5530;6226;2046;3189;2051;2056
3022;3221;5523;5532;6226;2046;3189;2051;2056
3022;3221;5523;5534;6226;2046;3189;2051;2056
3024;3221;5523;5526;6226;2046;3189;2051;2056
3024;3221;5523;5528;6226;2046;3189;2051;2056
3024;3221;5523;5529;6226;2046;3189;2051;2056
3024;3221;5523;5530;6226;2046;3189;2051;2056
3024;3221;5523;5532;6226;2046;3189;2051;2056
3024;3221;5523;5534;6226;2046;3189;2051;2056
3221;3228;5523;5526;6226;2046;3189;2051;2056
3221;3228;5523;5528;6226;2046;3189;2051;2056
3221;3228;5523;5529;6226;2046;3189;2051;2056
3221;3228;5523;5530;6226;2046;3189;2051;2056
3221;3228;5523;5532;6226;2046;3189;2051;2056
3221;3228;5523;5534;6226;2046;3189;2051;2056
2990;3020;5520;5530;6222;2046;3189;2051;2056
2990;3020;5520;5530;6222;2758;3189;2051;2056
2990;3020;5520;5530;6222;2048;3189;2051;2056
2990;3020;5520;5530;6222;2046;6897;2051;2056
2990;3020;5520;5530;6222;2046;6898;2051;2056
2990;3020;5520;5530;6222;2046;6900;2051;2056
2990;3020;5520;5530;6222;2046;3189;2444;2056
2990;3020;5520;5530;6222;2046;3189;2478;2056
2990;3020;5520;5530;6222;2046;3189;2051;6901
2990;3020;5520;5530;6222;2046;3189;2051;6902
2990;3020;5520;5530;6222;2046;3189;2051;2056;6921
2990;3020;5520;5530;6222;2046;3189;2051;2056;6923
2990;3020;5520;5530;6222;2046;3189;2051;2056;6916
2990;3020;5520;5530;6222;2046;3189;2051;2056;2050
2990;3020;5520;5530;6222;2046;3189;2051;2056;2040
2990;3020;5520;5530;6222;2046;3189;2051;2056;6903
2990;3020;5520;5530;6222;2046;3189;2051;2056;6909
