4634;5206;5523;5528;6224;2046;3189;2051;2056
4634;5206;5523;5529;6224;2046;3189;2051;2056
4635;5206;5523;5528;6226;2046;3189;2051;2056
4635;5206;5523;5529;6226;2046;3189;2051;2056
4634;5206;5523;5530;6224;2046;3189;2051;2056
4634;5206;5523;5529;6226;2046;3189;2051;2056
4634;5206;5523;5530;6226;2046;3189;2051;2056
4635;5206;5523;5529;6224;2046;3189;2051;2056
4634;5206;5523;5528;6224;2046;3189;2051;2056
4634;5206;5523;5528;6224;2758;3189;2051;2056
4634;5206;5523;5528;6224;2048;3189;2051;2056
4634;5206;5523;5528;6224;2046;6897;2051;2056
4634;5206;5523;5528;6224;2046;6898;2051;2056
4634;5206;5523;5528;6224;2046;6900;2051;2056
4634;5206;5523;5528;6224;2046;3189;2444;2056
4634;5206;5523;5528;6224;2046;3189;2478;2056
4634;5206;5523;5528;6224;2046;3189;2051;6901
4634;5206;5523;5528;6224;2046;3189;2051;6902
4634;5206;5523;5528;6224;2046;3189;2051;2056;6921
4634;5206;5523;5528;6224;2046;3189;2051;2056;6923
4634;5206;5523;5528;6224;2046;3189;2051;2056;6916
4634;5206;5523;5528;6224;2046;3189;2051;2056;2050
4634;5206;5523;5528;6224;2046;3189;2051;2056;2040
4634;5206;5523;5528;6224;2046;3189;2051;2056;6903
4634;5206;5523;5528;6224;2046;3189;2051;2056;6909
