3221;4632;5523;5530;6228;2046;3189;2051;2056
3990;4632;5523;5532;6228;2046;3189;2051;2056
3221;4632;5523;5530;6228;2046;3189;2051;2056
3221;4632;5523;5530;6228;2758;3189;2051;2056
3221;4632;5523;5530;6228;2048;3189;2051;2056
3221;4632;5523;5530;6228;2046;6897;2051;2056
3221;4632;5523;5530;6228;2046;6898;2051;2056
3221;4632;5523;5530;6228;2046;6900;2051;2056
3221;4632;5523;5530;6228;2046;3189;2444;2056
3221;4632;5523;5530;6228;2046;3189;2478;2056
3221;4632;5523;5530;6228;2046;3189;2051;6901
3221;4632;5523;5530;6228;2046;3189;2051;6902
3221;4632;5523;5530;6228;2046;3189;2051;2056;6921
3221;4632;5523;5530;6228;2046;3189;2051;2056;6923
3221;4632;5523;5530;6228;2046;3189;2051;2056;6916
3221;4632;5523;5530;6228;2046;3189;2051;2056;2050
3221;4632;5523;5530;6228;2046;3189;2051;2056;2040
3221;4632;5523;5530;6228;2046;3189;2051;2056;6903
3221;4632;5523;5530;6228;2046;3189;2051;2056;6909
