3073;3695;5520;6222;6234;2046;3189;2051;2056
3073;3695;5520;6222;6237;2046;3189;2051;2056
3073;3695;5526;6222;6250;2046;3189;2051;2056
3073;3695;5526;6222;6253;2046;3189;2051;2056
3073;3712;5520;6222;6234;2046;3189;2051;2056
3073;3712;5520;6222;6237;2046;3189;2051;2056
3073;3712;5526;6222;6250;2046;3189;2051;2056
3073;3712;6222;6237;6250;2046;3189;2051;2056
3073;3712;5520;5526;6222;2046;3189;2051;2056
3073;3695;6222;6237;6250;2046;3189;2051;2056
3073;3712;5526;6222;6253;2046;3189;2051;2056
3073;3695;5520;6222;6234;2046;3189;2051;2056
3073;3695;5520;6222;6234;2758;3189;2051;2056
3073;3695;5520;6222;6234;2048;3189;2051;2056
3073;3695;5520;6222;6234;2046;6897;2051;2056
3073;3695;5520;6222;6234;2046;6898;2051;2056
3073;3695;5520;6222;6234;2046;6900;2051;2056
3073;3695;5520;6222;6234;2046;3189;2444;2056
3073;3695;5520;6222;6234;2046;3189;2478;2056
3073;3695;5520;6222;6234;2046;3189;2051;6901
3073;3695;5520;6222;6234;2046;3189;2051;6902
3073;3695;5520;6222;6234;2046;3189;2051;2056;6921
3073;3695;5520;6222;6234;2046;3189;2051;2056;6923
3073;3695;5520;6222;6234;2046;3189;2051;2056;6916
3073;3695;5520;6222;6234;2046;3189;2051;2056;2050
3073;3695;5520;6222;6234;2046;3189;2051;2056;2040
3073;3695;5520;6222;6234;2046;3189;2051;2056;6903
3073;3695;5520;6222;6234;2046;3189;2051;2056;6909
