3290;3727;4685;5520;6222;6237;2046;3189;2051;2056
3290;3727;4685;5520;6222;6239;2046;3189;2051;2056
3290;3727;4685;5520;6222;6240;2046;3189;2051;2056
3290;3727;4685;5526;6222;6249;2046;3189;2051;2056
3290;3727;4685;5526;6222;6251;2046;3189;2051;2056
3290;3727;4685;5526;6222;6254;2046;3189;2051;2056
3290;3727;4685;5522;5526;6224;2046;3189;2051;2056
3290;3727;4685;5520;6224;6237;2046;3189;2051;2056
3290;3727;4685;5520;6224;6239;2046;3189;2051;2056
3290;3727;4685;5520;6224;6240;2046;3189;2051;2056
3290;3727;4685;5520;6224;6243;2046;3189;2051;2056
3290;3727;4685;5526;6224;6251;2046;3189;2051;2056
3290;3727;4685;5526;6224;6253;2046;3189;2051;2056
3290;3727;4685;5526;6224;6254;2046;3189;2051;2056
3290;3727;4685;6224;6236;6254;2046;3189;2051;2056
3290;3727;4685;6224;6237;6254;2046;3189;2051;2056
3290;3727;4685;6224;6240;6254;2046;3189;2051;2056
3290;3727;4685;5526;6224;6255;2046;3189;2051;2056
3290;3727;4685;5526;6224;6256;2046;3189;2051;2056
3290;3727;4685;5526;6224;6257;2046;3189;2051;2056
3290;3727;4685;5520;6237;6261;2046;3189;2051;2056
3290;3727;4685;5520;6240;6261;2046;3189;2051;2056
3290;3727;4685;5520;6241;6261;2046;3189;2051;2056
3290;3727;4685;5520;6243;6261;2046;3189;2051;2056
3290;3727;4685;5526;6254;6261;2046;3189;2051;2056
3290;3727;4685;6237;6254;6261;2046;3189;2051;2056
3290;3727;4685;6240;6254;6261;2046;3189;2051;2056
3290;3727;4685;5526;6257;6261;2046;3189;2051;2056
3290;3727;4685;5522;5526;6265;2046;3189;2051;2056
3290;3727;4685;5520;6237;6265;2046;3189;2051;2056
3290;3727;4685;5520;6239;6265;2046;3189;2051;2056
3290;3727;4685;5520;6240;6265;2046;3189;2051;2056
3290;3727;4685;5520;6243;6265;2046;3189;2051;2056
3290;3727;4685;5526;6249;6265;2046;3189;2051;2056
3290;3727;4685;5526;6251;6265;2046;3189;2051;2056
3290;3727;4685;5526;6253;6265;2046;3189;2051;2056
3290;3727;4685;5526;6254;6265;2046;3189;2051;2056
3290;3727;4685;6236;6254;6265;2046;3189;2051;2056
3290;3727;4685;6237;6254;6265;2046;3189;2051;2056
3290;3727;4685;6239;6254;6265;2046;3189;2051;2056
3290;3727;4685;6240;6254;6265;2046;3189;2051;2056
3290;3727;4685;5526;6256;6265;2046;3189;2051;2056
3290;3727;4685;5526;6257;6265;2046;3189;2051;2056
3290;3727;4685;5520;6237;6266;2046;3189;2051;2056
3290;3727;4685;5526;6254;6266;2046;3189;2051;2056
3290;3727;4685;5522;5526;6267;2046;3189;2051;2056
3290;3727;4685;5520;6237;6267;2046;3189;2051;2056
3290;3727;4685;5520;6239;6267;2046;3189;2051;2056
3290;3727;4685;5520;6240;6267;2046;3189;2051;2056
3290;3727;4685;5526;6254;6267;2046;3189;2051;2056
3290;3727;4685;5526;6254;6269;2046;3189;2051;2056
3290;3727;4685;5526;6256;6269;2046;3189;2051;2056
3290;3727;4686;5526;6222;6249;2046;3189;2051;2056
3290;3727;4686;5520;6224;6237;2046;3189;2051;2056
3290;3727;4686;5520;6224;6240;2046;3189;2051;2056
3290;3727;4686;5520;6224;6243;2046;3189;2051;2056
3290;3727;4686;5520;6224;6244;2046;3189;2051;2056
3290;3727;4686;5520;6237;6265;2046;3189;2051;2056
3290;3727;4686;5520;6240;6265;2046;3189;2051;2056
3290;3727;4686;5520;6243;6265;2046;3189;2051;2056
3290;3728;4685;5522;5526;6224;2046;3189;2051;2056
3290;3728;4685;5520;6224;6237;2046;3189;2051;2056
3290;3728;4685;5520;6224;6239;2046;3189;2051;2056
3290;3728;4685;5520;6224;6240;2046;3189;2051;2056
3290;3728;4685;5520;6224;6243;2046;3189;2051;2056
3290;3728;4685;5520;6224;6244;2046;3189;2051;2056
3290;3728;4685;5526;6224;6254;2046;3189;2051;2056
3290;3728;4685;5526;6224;6256;2046;3189;2051;2056
3290;3728;4685;6224;6237;6256;2046;3189;2051;2056
3290;3728;4685;6224;6240;6256;2046;3189;2051;2056
3290;3728;4685;5526;6224;6257;2046;3189;2051;2056
3290;3728;4685;5520;6240;6261;2046;3189;2051;2056
3290;3728;4685;5526;6254;6261;2046;3189;2051;2056
3290;3728;4685;6243;6254;6261;2046;3189;2051;2056
3290;3728;4685;5526;6256;6261;2046;3189;2051;2056
3290;3728;4685;6243;6256;6261;2046;3189;2051;2056
3290;3728;4685;5526;6259;6261;2046;3189;2051;2056
3290;3728;4685;5526;6256;6265;2046;3189;2051;2056
3290;3728;4685;5526;6257;6265;2046;3189;2051;2056
3290;3728;4686;5520;6224;6237;2046;3189;2051;2056
3290;3728;4686;5520;6224;6240;2046;3189;2051;2056
3290;3728;4686;5520;6224;6243;2046;3189;2051;2056
3290;3728;4686;5520;6224;6244;2046;3189;2051;2056
3290;3727;4685;5520;6224;6236;2046;3189;2051;2056
3290;3728;4686;5520;6224;6245;2046;3189;2051;2056
3290;3727;4685;5520;6236;6265;2046;3189;2051;2056
3290;3727;4685;5520;6236;6267;2046;3189;2051;2056
3290;3727;4685;5520;6224;6244;2046;3189;2051;2056
3290;3727;4685;5526;6248;6265;2046;3189;2051;2056
3290;3728;4685;5520;6224;6236;2046;3189;2051;2056
3290;3727;4685;5520;6239;6261;2046;3189;2051;2056
3290;3728;4685;5526;6254;6265;2046;3189;2051;2056
3290;3727;4686;6236;6254;6265;2046;3189;2051;2056
3290;3727;4685;6235;6254;6265;2046;3189;2051;2056
3290;3727;4685;5526;6255;6265;2046;3189;2051;2056
3290;3727;4685;6224;6234;6254;2046;3189;2051;2056
3290;3727;4685;5520;6236;6261;2046;3189;2051;2056
3290;3728;4686;5520;6224;6236;2046;3189;2051;2056
3290;3727;4685;5520;6224;6238;2046;3189;2051;2056
3290;3727;4685;5526;6222;6248;2046;3189;2051;2056
3290;3728;4685;5520;6237;6261;2046;3189;2051;2056
3290;3728;4685;6237;6254;6265;2046;3189;2051;2056
3290;3728;4685;5526;6224;6248;2046;3189;2051;2056
3290;3728;4685;5526;6256;6269;2046;3189;2051;2056
3290;3727;4685;5520;6237;6269;2046;3189;2051;2056
3290;3727;4686;5522;5526;6265;2046;3189;2051;2056
3290;3728;4686;5520;6243;6266;2046;3189;2051;2056
3290;3728;4685;6224;6240;6254;2046;3189;2051;2056
3290;3727;4686;6224;6243;6254;2046;3189;2051;2056
3290;3727;4686;6224;6236;6254;2046;3189;2051;2056
3290;3727;4685;6243;6254;6265;2046;3189;2051;2056
3290;3727;4685;5520;6234;6265;2046;3189;2051;2056
3290;3727;4686;5526;6254;6265;2046;3189;2051;2056
3290;3727;4686;5520;5526;6265;2046;3189;2051;2056
3290;3727;4686;5520;6236;6265;2046;3189;2051;2056
3290;3727;4686;5522;5526;6222;2046;3189;2051;2056
3290;3728;4686;5520;6224;6239;2046;3189;2051;2056
3290;3727;4686;6224;6237;6254;2046;3189;2051;2056
3290;3727;4686;5520;6243;6261;2046;3189;2051;2056
3290;3728;4685;6224;6239;6256;2046;3189;2051;2056
3290;3727;4685;6239;6257;6267;2046;3189;2051;2056
3290;3727;4686;5526;6249;6265;2046;3189;2051;2056
3290;3727;4685;5520;5526;6222;2046;3189;2051;2056
3290;3727;4685;6224;6243;6257;2046;3189;2051;2056
3290;3727;4685;6234;6254;6265;2046;3189;2051;2056
3290;3728;4685;6236;6254;6265;2046;3189;2051;2056
3290;3728;4685;5526;6224;6253;2046;3189;2051;2056
3290;3728;4685;6224;6236;6254;2046;3189;2051;2056
3290;3728;4685;6222;6238;6251;2046;3189;2051;2056
3290;3727;4685;5526;6222;6253;2046;3189;2051;2056
3290;3727;4685;6222;6236;6248;2046;3189;2051;2056
3290;3727;4685;5522;6235;6265;2046;3189;2051;2056
3290;3727;4685;5520;6235;6265;2046;3189;2051;2056
3290;3727;4685;6222;6245;6254;2046;3189;2051;2056
3290;3727;4686;5520;5526;6222;2046;3189;2051;2056
3290;3727;4686;5520;6234;6265;2046;3189;2051;2056
3290;3727;4685;5520;5526;6265;2046;3189;2051;2056
3290;3727;4686;6224;6238;6251;2046;3189;2051;2056
3290;3727;4686;5520;6224;6238;2046;3189;2051;2056
3290;3727;4686;5520;5526;6224;2046;3189;2051;2056
3290;3727;4685;5520;5526;6224;2046;3189;2051;2056
3290;3727;4685;5522;6224;6237;2046;3189;2051;2056
3290;3727;4686;5520;6222;6237;2046;3189;2051;2056
3290;3728;4686;6224;6240;6253;2046;3189;2051;2056
3290;3727;4685;5526;6257;6269;2046;3189;2051;2056
3290;3727;4685;5520;6222;6237;2046;3189;2051;2056
3290;3727;4685;5520;6222;6237;2758;3189;2051;2056
3290;3727;4685;5520;6222;6237;2048;3189;2051;2056
3290;3727;4685;5520;6222;6237;2046;6897;2051;2056
3290;3727;4685;5520;6222;6237;2046;6898;2051;2056
3290;3727;4685;5520;6222;6237;2046;6900;2051;2056
3290;3727;4685;5520;6222;6237;2046;3189;2444;2056
3290;3727;4685;5520;6222;6237;2046;3189;2478;2056
3290;3727;4685;5520;6222;6237;2046;3189;2051;6901
3290;3727;4685;5520;6222;6237;2046;3189;2051;6902
3290;3727;4685;5520;6222;6237;2046;3189;2051;2056;6921
3290;3727;4685;5520;6222;6237;2046;3189;2051;2056;6923
3290;3727;4685;5520;6222;6237;2046;3189;2051;2056;6916
3290;3727;4685;5520;6222;6237;2046;3189;2051;2056;2050
3290;3727;4685;5520;6222;6237;2046;3189;2051;2056;2040
3290;3727;4685;5520;6222;6237;2046;3189;2051;2056;6903
3290;3727;4685;5520;6222;6237;2046;3189;2051;2056;6909
3290;3727;4685;5520;6222;6237;2046;3189;2051;2056;6911
3290;3727;4685;5520;6222;6237;2046;3189;2051;2056;6913
