3291;3710;4109;4111;6224;6237;2046;3189;2051;2056
3291;3710;4109;4111;6224;6240;2046;3189;2051;2056
3291;3710;4109;4111;6224;6243;2046;3189;2051;2056
3291;3722;4109;4111;6224;6237;2046;3189;2051;2056
3291;3722;4109;4111;6224;6240;2046;3189;2051;2056
3291;3722;4109;4111;6224;6243;2046;3189;2051;2056
3291;3710;4109;4111;6224;6237;2758;3189;2051;2056
3291;3710;4109;4111;6224;6237;2048;3189;2051;2056
3291;3710;4109;4111;6224;6237;2046;6897;2051;2056
3291;3710;4109;4111;6224;6237;2046;6898;2051;2056
3291;3710;4109;4111;6224;6237;2046;6900;2051;2056
3291;3710;4109;4111;6224;6237;2046;3189;2444;2056
3291;3710;4109;4111;6224;6237;2046;3189;2478;2056
3291;3710;4109;4111;6224;6237;2046;3189;2051;6901
3291;3710;4109;4111;6224;6237;2046;3189;2051;6902
3291;3710;4109;4111;6224;6237;2046;3189;2051;2056;6921
3291;3710;4109;4111;6224;6237;2046;3189;2051;2056;6923
3291;3710;4109;4111;6224;6237;2046;3189;2051;2056;6916
3291;3710;4109;4111;6224;6237;2046;3189;2051;2056;2050
3291;3710;4109;4111;6224;6237;2046;3189;2051;2056;2040
3291;3710;4109;4111;6224;6237;2046;3189;2051;2056;6903
3291;3710;4109;4111;6224;6237;2046;3189;2051;2056;6909
