3707;4109;4111;5027;5028;6224;6240;2046;3189;2051;2056
3707;4109;4111;5027;5028;6224;6243;2046;3189;2051;2056
3707;4109;4111;5027;5028;6240;6261;2046;3189;2051;2056
3707;4109;4111;5027;5028;6243;6261;2046;3189;2051;2056
3707;4109;4111;5027;5029;6224;6240;2046;3189;2051;2056
3707;4109;4111;5027;5029;6224;6243;2046;3189;2051;2056
3707;4109;4111;5027;5029;6240;6261;2046;3189;2051;2056
3707;4109;4111;5027;5029;6243;6261;2046;3189;2051;2056
3707;4109;4111;5027;5030;6224;6240;2046;3189;2051;2056
3707;4109;4111;5027;5030;6224;6243;2046;3189;2051;2056
3707;4109;4111;5027;5030;6240;6261;2046;3189;2051;2056
3707;4109;4111;5027;5030;6243;6261;2046;3189;2051;2056
3707;4109;4111;5027;5031;6224;6240;2046;3189;2051;2056
3707;4109;4111;5027;5031;6224;6243;2046;3189;2051;2056
3707;4109;4111;5027;5031;6240;6261;2046;3189;2051;2056
3707;4109;4111;5027;5031;6243;6261;2046;3189;2051;2056
4109;4111;5025;5027;5028;6224;6240;2046;3189;2051;2056
4109;4111;5025;5027;5028;6240;6261;2046;3189;2051;2056
4109;4111;5025;5027;5029;6224;6240;2046;3189;2051;2056
4109;4111;5025;5027;5029;6240;6261;2046;3189;2051;2056
4109;4111;5025;5027;5030;6224;6240;2046;3189;2051;2056
4109;4111;5025;5027;5030;6240;6261;2046;3189;2051;2056
4109;4111;5025;5027;5031;6224;6240;2046;3189;2051;2056
4109;4111;5025;5027;5031;6240;6261;2046;3189;2051;2056
4109;4111;5026;5027;5028;6224;6240;2046;3189;2051;2056
4109;4111;5026;5027;5028;6224;6243;2046;3189;2051;2056
4109;4111;5026;5027;5028;6240;6261;2046;3189;2051;2056
4109;4111;5026;5027;5028;6243;6261;2046;3189;2051;2056
4109;4111;5026;5027;5029;6224;6240;2046;3189;2051;2056
4109;4111;5026;5027;5029;6224;6243;2046;3189;2051;2056
4109;4111;5026;5027;5029;6240;6261;2046;3189;2051;2056
4109;4111;5026;5027;5029;6243;6261;2046;3189;2051;2056
4109;4111;5026;5027;5030;6224;6240;2046;3189;2051;2056
4109;4111;5026;5027;5030;6224;6243;2046;3189;2051;2056
4109;4111;5026;5027;5030;6240;6261;2046;3189;2051;2056
4109;4111;5026;5027;5030;6243;6261;2046;3189;2051;2056
4109;4111;5026;5027;5031;6224;6240;2046;3189;2051;2056
4109;4111;5026;5027;5031;6224;6243;2046;3189;2051;2056
4109;4111;5026;5027;5031;6240;6261;2046;3189;2051;2056
4109;4111;5026;5027;5031;6243;6261;2046;3189;2051;2056
4109;4111;5025;5027;5029;6224;6243;2046;3189;2051;2056
4109;4111;5025;5027;5030;6243;6261;2046;3189;2051;2056
3707;4109;4111;5027;5028;6224;6240;2046;3189;2051;2056
3707;4109;4111;5027;5028;6224;6240;2758;3189;2051;2056
3707;4109;4111;5027;5028;6224;6240;2048;3189;2051;2056
3707;4109;4111;5027;5028;6224;6240;2046;6897;2051;2056
3707;4109;4111;5027;5028;6224;6240;2046;6898;2051;2056
3707;4109;4111;5027;5028;6224;6240;2046;6900;2051;2056
3707;4109;4111;5027;5028;6224;6240;2046;3189;2444;2056
3707;4109;4111;5027;5028;6224;6240;2046;3189;2478;2056
3707;4109;4111;5027;5028;6224;6240;2046;3189;2051;6901
3707;4109;4111;5027;5028;6224;6240;2046;3189;2051;6902
3707;4109;4111;5027;5028;6224;6240;2046;3189;2051;2056;6921
3707;4109;4111;5027;5028;6224;6240;2046;3189;2051;2056;6923
3707;4109;4111;5027;5028;6224;6240;2046;3189;2051;2056;6916
3707;4109;4111;5027;5028;6224;6240;2046;3189;2051;2056;2050
3707;4109;4111;5027;5028;6224;6240;2046;3189;2051;2056;2040
3707;4109;4111;5027;5028;6224;6240;2046;3189;2051;2056;6903
3707;4109;4111;5027;5028;6224;6240;2046;3189;2051;2056;6909
