3293;3697;6224;6240;2046;3189;2051;2056
3293;3697;6224;6243;2046;3189;2051;2056
3293;3698;6224;6240;2046;3189;2051;2056
3293;3698;6224;6243;2046;3189;2051;2056
3293;3699;6224;6243;2046;3189;2051;2056
3293;3699;6224;6240;2046;3189;2051;2056
3293;3697;5529;6224;2046;3189;2051;2056
3293;3699;5529;6224;2046;3189;2051;2056
3293;3697;6224;6240;2758;3189;2051;2056
3293;3697;6224;6240;2048;3189;2051;2056
3293;3697;6224;6240;2046;6897;2051;2056
3293;3697;6224;6240;2046;6898;2051;2056
3293;3697;6224;6240;2046;6900;2051;2056
3293;3697;6224;6240;2046;3189;2444;2056
3293;3697;6224;6240;2046;3189;2478;2056
3293;3697;6224;6240;2046;3189;2051;6901
3293;3697;6224;6240;2046;3189;2051;6902
3293;3697;6224;6240;2046;3189;2051;2056;6921
3293;3697;6224;6240;2046;3189;2051;2056;6923
3293;3697;6224;6240;2046;3189;2051;2056;6916
3293;3697;6224;6240;2046;3189;2051;2056;2050
3293;3697;6224;6240;2046;3189;2051;2056;2040
3293;3697;6224;6240;2046;3189;2051;2056;6903
3293;3697;6224;6240;2046;3189;2051;2056;6909
3293;3698;6224;6240;2046;3189;2051;2056
3293;3698;6224;6243;2046;3189;2051;2056
3293;3699;6224;6243;2046;3189;2051;2056
3293;3699;6224;6240;2046;3189;2051;2056
3293;3697;5529;6224;2046;3189;2051;2056
3293;3699;5529;6224;2046;3189;2051;2056
3293;3697;6224;6240;2758;3189;2051;2056
3293;3697;6224;6240;2048;3189;2051;2056
3293;3697;6224;6240;2046;6897;2051;2056
3293;3697;6224;6240;2046;6898;2051;2056
3293;3697;6224;6240;2046;6900;2051;2056
3293;3697;6224;6240;2046;3189;2444;2056
3293;3697;6224;6240;2046;3189;2478;2056
3293;3697;6224;6240;2046;3189;2051;6901
3293;3697;6224;6240;2046;3189;2051;6902
3293;3697;6224;6240;2046;3189;2051;2056;6921
3293;3697;6224;6240;2046;3189;2051;2056;6923
3293;3697;6224;6240;2046;3189;2051;2056;6916
3293;3697;6224;6240;2046;3189;2051;2056;2050
3293;3697;6224;6240;2046;3189;2051;2056;2040
3293;3697;6224;6240;2046;3189;2051;2056;6903
3293;3697;6224;6240;2046;3189;2051;2056;6909
