3071;3693;5526;6222;6251;2046;3189;2051;2056
3071;3693;5526;6222;6253;2046;3189;2051;2056
3071;3693;5522;5526;6265;2046;3189;2051;2056
3071;3693;5526;6251;6265;2046;3189;2051;2056
3071;3693;5526;6253;6265;2046;3189;2051;2056
3071;3885;5526;6222;6250;2046;3189;2051;2056
3071;3885;5526;6222;6251;2046;3189;2051;2056
3071;3885;5526;6222;6252;2046;3189;2051;2056
3071;3885;5522;5526;6265;2046;3189;2051;2056
3071;3885;5520;6237;6265;2046;3189;2051;2056
3071;3885;5526;6253;6265;2046;3189;2051;2056
3071;3885;5526;6254;6265;2046;3189;2051;2056
3071;3693;5526;6256;6265;2046;3189;2051;2056
3071;3885;5526;6256;6265;2046;3189;2051;2056
3071;3693;5522;5526;6222;2046;3189;2051;2056
3071;3693;5526;6222;6252;2046;3189;2051;2056
3071;3693;5520;6237;6265;2046;3189;2051;2056
3071;3693;5526;6222;6251;2046;3189;2051;2056
3071;3693;5526;6222;6251;2758;3189;2051;2056
3071;3693;5526;6222;6251;2048;3189;2051;2056
3071;3693;5526;6222;6251;2046;6897;2051;2056
3071;3693;5526;6222;6251;2046;6898;2051;2056
3071;3693;5526;6222;6251;2046;6900;2051;2056
3071;3693;5526;6222;6251;2046;3189;2444;2056
3071;3693;5526;6222;6251;2046;3189;2478;2056
3071;3693;5526;6222;6251;2046;3189;2051;6901
3071;3693;5526;6222;6251;2046;3189;2051;6902
3071;3693;5526;6222;6251;2046;3189;2051;2056;6921
3071;3693;5526;6222;6251;2046;3189;2051;2056;6923
3071;3693;5526;6222;6251;2046;3189;2051;2056;6916
3071;3693;5526;6222;6251;2046;3189;2051;2056;2050
3071;3693;5526;6222;6251;2046;3189;2051;2056;2040
3071;3693;5526;6222;6251;2046;3189;2051;2056;6903
3071;3693;5526;6222;6251;2046;3189;2051;2056;6909
