3083;3717;6237;6261;2046;3189;2051;2056
3083;3717;6240;6261;2046;3189;2051;2056
3083;3717;6243;6261;2046;3189;2051;2056
3083;3717;6245;6261;2046;3189;2051;2056
3680;3717;6240;6261;2046;3189;2051;2056
3680;3717;6243;6261;2046;3189;2051;2056
3083;3718;6240;6261;2046;3189;2051;2056
3083;3718;6243;6261;2046;3189;2051;2056
3083;3718;6245;6261;2046;3189;2051;2056
3680;3718;6240;6261;2046;3189;2051;2056
3680;3718;6243;6261;2046;3189;2051;2056
3680;3718;6245;6261;2046;3189;2051;2056
3680;3722;6224;6240;2046;3189;2051;2056
3680;3722;6240;6261;2046;3189;2051;2056
3680;3722;6243;6261;2046;3189;2051;2056
3680;3722;6245;6261;2046;3189;2051;2056
3083;3722;6237;6261;2046;3189;2051;2056
3680;3722;6237;6261;2046;3189;2051;2056
3680;3717;6224;6240;2046;3189;2051;2056
3083;3722;6240;6261;2046;3189;2051;2056
3083;3717;6224;6240;2046;3189;2051;2056
3083;3718;6224;6240;2046;3189;2051;2056
3083;3722;6243;6261;2046;3189;2051;2056
3083;3717;6224;6243;2046;3189;2051;2056
3083;3717;6237;6261;2046;3189;2051;2056
3083;3717;6237;6261;2758;3189;2051;2056
3083;3717;6237;6261;2048;3189;2051;2056
3083;3717;6237;6261;2046;6897;2051;2056
3083;3717;6237;6261;2046;6898;2051;2056
3083;3717;6237;6261;2046;6900;2051;2056
3083;3717;6237;6261;2046;3189;2444;2056
3083;3717;6237;6261;2046;3189;2478;2056
3083;3717;6237;6261;2046;3189;2051;6901
3083;3717;6237;6261;2046;3189;2051;6902
3083;3717;6237;6261;2046;3189;2051;2056;6921
3083;3717;6237;6261;2046;3189;2051;2056;6923
3083;3717;6237;6261;2046;3189;2051;2056;6916
3083;3717;6237;6261;2046;3189;2051;2056;2050
3083;3717;6237;6261;2046;3189;2051;2056;2040
3083;3717;6237;6261;2046;3189;2051;2056;6903
3083;3717;6237;6261;2046;3189;2051;2056;6909
3083;3717;6237;6261;2046;3189;2051;2056;6911
3083;3717;6237;6261;2046;3189;2051;2056;6913
