3585;3700;4109;4111;6224;6240;2046;3189;2051;2056
3585;3701;4109;4111;6224;6240;2046;3189;2051;2056
3585;3701;4109;4111;6224;6243;2046;3189;2051;2056
3585;3702;4109;4111;6224;6243;2046;3189;2051;2056
3585;3700;4109;4111;6224;6243;2046;3189;2051;2056
3585;3702;4109;4111;6224;6240;2046;3189;2051;2056
3585;3700;4109;4111;6224;6236;2046;3189;2051;2056
3585;3700;4109;4111;6224;6240;2046;3189;2051;2056
3585;3700;4109;4111;6224;6240;2758;3189;2051;2056
3585;3700;4109;4111;6224;6240;2048;3189;2051;2056
3585;3700;4109;4111;6224;6240;2046;6897;2051;2056
3585;3700;4109;4111;6224;6240;2046;6898;2051;2056
3585;3700;4109;4111;6224;6240;2046;6900;2051;2056
3585;3700;4109;4111;6224;6240;2046;3189;2444;2056
3585;3700;4109;4111;6224;6240;2046;3189;2478;2056
3585;3700;4109;4111;6224;6240;2046;3189;2051;6901
3585;3700;4109;4111;6224;6240;2046;3189;2051;6902
3585;3700;4109;4111;6224;6240;2046;3189;2051;2056;6921
3585;3700;4109;4111;6224;6240;2046;3189;2051;2056;6923
3585;3700;4109;4111;6224;6240;2046;3189;2051;2056;6916
3585;3700;4109;4111;6224;6240;2046;3189;2051;2056;2050
3585;3700;4109;4111;6224;6240;2046;3189;2051;2056;2040
3585;3700;4109;4111;6224;6240;2046;3189;2051;2056;6903
3585;3700;4109;4111;6224;6240;2046;3189;2051;2056;6909
