3073;3694;5520;6222;6234;2046;3189;2051;2056
3073;3694;5526;6222;6250;2046;3189;2051;2056
3073;3694;5526;6222;6251;2046;3189;2051;2056
3073;3694;5522;5526;6265;2046;3189;2051;2056
3073;3694;5520;6237;6265;2046;3189;2051;2056
3073;3694;5520;6240;6265;2046;3189;2051;2056
3073;3694;5526;6250;6265;2046;3189;2051;2056
3073;3694;5526;6251;6265;2046;3189;2051;2056
3073;3694;5526;6253;6265;2046;3189;2051;2056
3073;3694;5526;6254;6265;2046;3189;2051;2056
3073;3695;5522;5526;6222;2046;3189;2051;2056
3073;3695;5526;6222;6250;2046;3189;2051;2056
3073;3695;5526;6222;6251;2046;3189;2051;2056
3073;3695;5526;6222;6253;2046;3189;2051;2056
3073;3695;5522;5526;6265;2046;3189;2051;2056
3073;3695;5520;6234;6265;2046;3189;2051;2056
3073;3695;5520;6237;6265;2046;3189;2051;2056
3073;3695;5520;6240;6265;2046;3189;2051;2056
3073;3695;5526;6248;6265;2046;3189;2051;2056
3073;3695;5526;6250;6265;2046;3189;2051;2056
3073;3695;5526;6251;6265;2046;3189;2051;2056
3073;3695;5526;6253;6265;2046;3189;2051;2056
3073;3695;5526;6254;6265;2046;3189;2051;2056
3073;3695;5526;6250;6271;2046;3189;2051;2056
3073;3695;5526;6251;6271;2046;3189;2051;2056
3073;3695;5526;6254;6271;2046;3189;2051;2056
3073;3695;5526;6251;6273;2046;3189;2051;2056
3073;3696;5522;5526;6222;2046;3189;2051;2056
3073;3696;5526;6222;6253;2046;3189;2051;2056
3073;3696;5526;6222;6256;2046;3189;2051;2056
3073;3696;5520;6224;6237;2046;3189;2051;2056
3073;3696;5526;6224;6253;2046;3189;2051;2056
3073;3696;5522;5526;6265;2046;3189;2051;2056
3073;3696;5520;6237;6265;2046;3189;2051;2056
3073;3696;5526;6248;6265;2046;3189;2051;2056
3073;3696;5526;6251;6265;2046;3189;2051;2056
3073;3696;5526;6253;6265;2046;3189;2051;2056
3073;3696;5526;6254;6265;2046;3189;2051;2056
3073;3696;5526;6254;6269;2046;3189;2051;2056
3073;3696;5526;6253;6271;2046;3189;2051;2056
3073;3696;5526;6253;6273;2046;3189;2051;2056
3073;3695;5520;6245;6265;2046;3189;2051;2056
3073;3694;5526;6222;6248;2046;3189;2051;2056
3073;3696;5526;6224;6250;2046;3189;2051;2056
3073;3694;5522;5526;6222;2046;3189;2051;2056
3073;3696;5526;6222;6254;2046;3189;2051;2056
3073;3694;5526;6248;6265;2046;3189;2051;2056
3073;3696;5526;6222;6250;2046;3189;2051;2056
3073;3696;5526;6224;6254;2046;3189;2051;2056
3073;3694;5522;5526;6273;2046;3189;2051;2056
3073;3695;5520;6222;6237;2046;3189;2051;2056
3073;3694;5520;6222;6237;2046;3189;2051;2056
3073;3694;5522;6234;6265;2046;3189;2051;2056
3073;3694;5520;6222;6234;2046;3189;2051;2056
3073;3694;5520;6222;6234;2758;3189;2051;2056
3073;3694;5520;6222;6234;2048;3189;2051;2056
3073;3694;5520;6222;6234;2046;6897;2051;2056
3073;3694;5520;6222;6234;2046;6898;2051;2056
3073;3694;5520;6222;6234;2046;6900;2051;2056
3073;3694;5520;6222;6234;2046;3189;2444;2056
3073;3694;5520;6222;6234;2046;3189;2478;2056
3073;3694;5520;6222;6234;2046;3189;2051;6901
3073;3694;5520;6222;6234;2046;3189;2051;6902
3073;3694;5520;6222;6234;2046;3189;2051;2056;6921
3073;3694;5520;6222;6234;2046;3189;2051;2056;6923
3073;3694;5520;6222;6234;2046;3189;2051;2056;6916
3073;3694;5520;6222;6234;2046;3189;2051;2056;2050
3073;3694;5520;6222;6234;2046;3189;2051;2056;2040
3073;3694;5520;6222;6234;2046;3189;2051;2056;6903
3073;3694;5520;6222;6234;2046;3189;2051;2056;6909
