3717;4109;4111;5019;6224;6237;2046;3189;2051;2056
3717;4109;4111;5019;6224;6240;2046;3189;2051;2056
3717;4109;4111;5019;6224;6243;2046;3189;2051;2056
3717;4109;4111;5019;6224;6245;2046;3189;2051;2056
3717;4109;4111;5019;6237;6261;2046;3189;2051;2056
3717;4109;4111;5019;6240;6261;2046;3189;2051;2056
3717;4109;4111;5019;6243;6261;2046;3189;2051;2056
3717;4109;4111;5019;6245;6261;2046;3189;2051;2056
3733;4109;4111;5019;6224;6237;2046;3189;2051;2056
3733;4109;4111;5019;6224;6240;2046;3189;2051;2056
3733;4109;4111;5019;6224;6243;2046;3189;2051;2056
3733;4109;4111;5019;6224;6245;2046;3189;2051;2056
3733;4109;4111;5019;6237;6261;2046;3189;2051;2056
3733;4109;4111;5019;6240;6261;2046;3189;2051;2056
3733;4109;4111;5019;6243;6261;2046;3189;2051;2056
3733;4109;4111;5019;6245;6261;2046;3189;2051;2056
4080;4109;4111;5020;6224;6237;2046;3189;2051;2056
4080;4109;4111;5020;6224;6240;2046;3189;2051;2056
4080;4109;4111;5020;6224;6243;2046;3189;2051;2056
4080;4109;4111;5020;6224;6245;2046;3189;2051;2056
4080;4109;4111;5020;6240;6261;2046;3189;2051;2056
4080;4109;4111;5020;6243;6261;2046;3189;2051;2056
4080;4109;4111;5020;6245;6261;2046;3189;2051;2056
4109;4111;5020;5021;6224;6240;2046;3189;2051;2056
4109;4111;5020;5021;6224;6243;2046;3189;2051;2056
4109;4111;5020;5021;6224;6245;2046;3189;2051;2056
4109;4111;5020;5021;6240;6261;2046;3189;2051;2056
4109;4111;5020;5021;6243;6261;2046;3189;2051;2056
4109;4111;5020;5021;6245;6261;2046;3189;2051;2056
4109;4111;5020;5022;6224;6240;2046;3189;2051;2056
4109;4111;5020;5022;6224;6243;2046;3189;2051;2056
4109;4111;5020;5022;6224;6245;2046;3189;2051;2056
4109;4111;5020;5022;6240;6261;2046;3189;2051;2056
4109;4111;5020;5022;6243;6261;2046;3189;2051;2056
4109;4111;5020;5022;6245;6261;2046;3189;2051;2056
3733;4109;4111;5020;6224;6240;2046;3189;2051;2056
4080;4109;4111;5019;6224;6240;2046;3189;2051;2056
3733;4109;4111;5020;6224;6237;2046;3189;2051;2056
3733;4109;4111;5020;6240;6261;2046;3189;2051;2056
3717;4109;4111;5020;6224;6240;2046;3189;2051;2056
4109;4111;5019;5022;6224;6240;2046;3189;2051;2056
4109;4111;5020;5021;6224;6237;2046;3189;2051;2056
4080;4109;4111;5019;6224;6243;2046;3189;2051;2056
4080;4109;4111;5019;6224;6237;2046;3189;2051;2056
4109;4111;5019;5022;6224;6237;2046;3189;2051;2056
3717;4109;4111;5020;6243;6261;2046;3189;2051;2056
3717;4109;4111;5020;6224;6237;2046;3189;2051;2056
4109;4111;5019;5021;6224;6240;2046;3189;2051;2056
4109;4111;5019;5022;6245;6261;2046;3189;2051;2056
3717;4109;4111;5019;6224;6237;2758;3189;2051;2056
3717;4109;4111;5019;6224;6237;2048;3189;2051;2056
3717;4109;4111;5019;6224;6237;2046;6897;2051;2056
3717;4109;4111;5019;6224;6237;2046;6898;2051;2056
3717;4109;4111;5019;6224;6237;2046;6900;2051;2056
3717;4109;4111;5019;6224;6237;2046;3189;2444;2056
3717;4109;4111;5019;6224;6237;2046;3189;2478;2056
3717;4109;4111;5019;6224;6237;2046;3189;2051;6901
3717;4109;4111;5019;6224;6237;2046;3189;2051;6902
3717;4109;4111;5019;6224;6237;2046;3189;2051;2056;6921
3717;4109;4111;5019;6224;6237;2046;3189;2051;2056;6923
3717;4109;4111;5019;6224;6237;2046;3189;2051;2056;6916
3717;4109;4111;5019;6224;6237;2046;3189;2051;2056;2050
3717;4109;4111;5019;6224;6237;2046;3189;2051;2056;2040
3717;4109;4111;5019;6224;6237;2046;3189;2051;2056;6903
3717;4109;4111;5019;6224;6237;2046;3189;2051;2056;6909
3717;4109;4111;5019;6224;6237;2046;3189;2051;2056;6911
3717;4109;4111;5019;6224;6237;2046;3189;2051;2056;6913
