3680;3709;6224;6240;2046;3189;2051;2056
3680;3709;6224;6243;2046;3189;2051;2056
3680;3709;6224;6245;2046;3189;2051;2056
3680;3709;6240;6261;2046;3189;2051;2056
3680;3709;6243;6261;2046;3189;2051;2056
3680;3709;6245;6261;2046;3189;2051;2056
3081;3718;6224;6240;2046;3189;2051;2056
3081;3718;6224;6243;2046;3189;2051;2056
3081;3718;6224;6244;2046;3189;2051;2056
3081;3718;6240;6261;2046;3189;2051;2056
3081;3718;6243;6261;2046;3189;2051;2056
3081;3718;6244;6261;2046;3189;2051;2056
3081;3729;6224;6237;2046;3189;2051;2056
3081;3729;6224;6240;2046;3189;2051;2056
3081;3729;6224;6243;2046;3189;2051;2056
3081;3729;6224;6244;2046;3189;2051;2056
3081;3729;6224;6245;2046;3189;2051;2056
3081;3729;6240;6261;2046;3189;2051;2056
3081;3729;6243;6261;2046;3189;2051;2056
3081;3729;6244;6261;2046;3189;2051;2056
3290;3729;6224;6240;2046;3189;2051;2056
3081;3730;6224;6240;2046;3189;2051;2056
3081;3730;6224;6243;2046;3189;2051;2056
3081;3730;6224;6244;2046;3189;2051;2056
3081;3730;6240;6261;2046;3189;2051;2056
3081;3730;6243;6261;2046;3189;2051;2056
3081;3730;6244;6261;2046;3189;2051;2056
3082;3731;6240;6261;2046;3189;2051;2056
3082;3731;6243;6261;2046;3189;2051;2056
3082;3731;6245;6261;2046;3189;2051;2056
3680;3731;6224;6240;2046;3189;2051;2056
3680;3731;6224;6243;2046;3189;2051;2056
3680;3731;6224;6245;2046;3189;2051;2056
3680;3731;6240;6261;2046;3189;2051;2056
3680;3731;6243;6261;2046;3189;2051;2056
3680;3731;6245;6261;2046;3189;2051;2056
3082;3732;6237;6261;2046;3189;2051;2056
3082;3732;6243;6261;2046;3189;2051;2056
3082;3732;6245;6261;2046;3189;2051;2056
3680;3732;6224;6240;2046;3189;2051;2056
3680;3732;6224;6243;2046;3189;2051;2056
3680;3732;6224;6245;2046;3189;2051;2056
3680;3732;6240;6261;2046;3189;2051;2056
3680;3732;6243;6261;2046;3189;2051;2056
3680;3732;6245;6261;2046;3189;2051;2056
3290;3730;6243;6261;2046;3189;2051;2056
3680;3729;6224;6240;2046;3189;2051;2056
3290;3730;6224;6243;2046;3189;2051;2056
3290;3730;6240;6261;2046;3189;2051;2056
3081;3709;6224;6240;2046;3189;2051;2056
3081;3709;6224;6237;2046;3189;2051;2056
3081;3731;6243;6261;2046;3189;2051;2056
3081;3731;6224;6240;2046;3189;2051;2056
3082;3731;6224;6240;2046;3189;2051;2056
3290;3731;6224;6240;2046;3189;2051;2056
3081;3718;6224;6237;2046;3189;2051;2056
3081;3709;6240;6261;2046;3189;2051;2056
3680;3718;6243;6261;2046;3189;2051;2056
3680;3730;6243;6261;2046;3189;2051;2056
3081;3709;6237;6261;2046;3189;2051;2056
3290;3709;6237;6261;2046;3189;2051;2056
3290;3730;6224;6240;2046;3189;2051;2056
3290;3732;6224;6243;2046;3189;2051;2056
3680;3709;6237;6261;2046;3189;2051;2056
3081;3731;6237;6261;2046;3189;2051;2056
3081;3731;6224;6237;2046;3189;2051;2056
3680;3730;6224;6240;2046;3189;2051;2056
3081;3731;6224;6243;2046;3189;2051;2056
3081;3709;6243;6261;2046;3189;2051;2056
3290;3731;6243;6261;2046;3189;2051;2056
3081;3732;6224;6243;2046;3189;2051;2056
3082;3709;6240;6261;2046;3189;2051;2056
3082;3709;6224;6240;2046;3189;2051;2056
3680;3709;6224;6237;2046;3189;2051;2056
3082;3709;6224;6237;2046;3189;2051;2056
3290;3709;6224;6237;2046;3189;2051;2056
3290;3731;6224;6237;2046;3189;2051;2056
3290;3709;6224;6240;2046;3189;2051;2056
3081;3730;6237;6261;2046;3189;2051;2056
3290;3729;6224;6237;2046;3189;2051;2056
3082;3729;6224;6237;2046;3189;2051;2056
3680;3729;6224;6237;2046;3189;2051;2056
3680;3729;6237;6261;2046;3189;2051;2056
3680;3709;6224;6240;2046;3189;2051;2056
3680;3709;6224;6240;2758;3189;2051;2056
3680;3709;6224;6240;2048;3189;2051;2056
3680;3709;6224;6240;2046;6897;2051;2056
3680;3709;6224;6240;2046;6898;2051;2056
3680;3709;6224;6240;2046;6900;2051;2056
3680;3709;6224;6240;2046;3189;2444;2056
3680;3709;6224;6240;2046;3189;2478;2056
3680;3709;6224;6240;2046;3189;2051;6901
3680;3709;6224;6240;2046;3189;2051;6902
3680;3709;6224;6240;2046;3189;2051;2056;6921
3680;3709;6224;6240;2046;3189;2051;2056;6923
3680;3709;6224;6240;2046;3189;2051;2056;6916
3680;3709;6224;6240;2046;3189;2051;2056;2050
3680;3709;6224;6240;2046;3189;2051;2056;2040
3680;3709;6224;6240;2046;3189;2051;2056;6903
3680;3709;6224;6240;2046;3189;2051;2056;6909
3680;3709;6224;6240;2046;3189;2051;2056;6911
3680;3709;6224;6240;2046;3189;2051;2056;6913
