3290;3709;6224;6237;2046;3189;2051;2056
3290;3709;6224;6240;2046;3189;2051;2056
3290;3709;6224;6243;2046;3189;2051;2056
3290;3709;6237;6265;2046;3189;2051;2056
3290;3709;6240;6265;2046;3189;2051;2056
3290;3709;6243;6265;2046;3189;2051;2056
3290;3710;6224;6237;2046;3189;2051;2056
3290;3710;6224;6240;2046;3189;2051;2056
3290;3710;6224;6243;2046;3189;2051;2056
3290;3710;6234;6265;2046;3189;2051;2056
3290;3710;6237;6265;2046;3189;2051;2056
3290;3710;6240;6265;2046;3189;2051;2056
3290;3710;6243;6265;2046;3189;2051;2056
3290;3710;6224;6234;2046;3189;2051;2056
3290;3709;6234;6265;2046;3189;2051;2056
3290;3709;6224;6237;2046;3189;2051;2056
3290;3709;6224;6237;2758;3189;2051;2056
3290;3709;6224;6237;2048;3189;2051;2056
3290;3709;6224;6237;2046;6897;2051;2056
3290;3709;6224;6237;2046;6898;2051;2056
3290;3709;6224;6237;2046;6900;2051;2056
3290;3709;6224;6237;2046;3189;2444;2056
3290;3709;6224;6237;2046;3189;2478;2056
3290;3709;6224;6237;2046;3189;2051;6901
3290;3709;6224;6237;2046;3189;2051;6902
3290;3709;6224;6237;2046;3189;2051;2056;6921
3290;3709;6224;6237;2046;3189;2051;2056;6923
3290;3709;6224;6237;2046;3189;2051;2056;6916
3290;3709;6224;6237;2046;3189;2051;2056;2050
3290;3709;6224;6237;2046;3189;2051;2056;2040
3290;3709;6224;6237;2046;3189;2051;2056;6903
3290;3709;6224;6237;2046;3189;2051;2056;6909
