3075;3734;5522;5526;6224;2046;3189;2051;2056
3075;3734;5526;6224;6254;2046;3189;2051;2056
3075;3734;5522;5526;6265;2046;3189;2051;2056
3075;3734;5526;6254;6265;2046;3189;2051;2056
3075;3739;5526;6224;6254;2046;3189;2051;2056
3075;3739;5526;6254;6265;2046;3189;2051;2056
3076;3739;5526;6224;6254;2046;3189;2051;2056
3076;3739;5520;6236;6265;2046;3189;2051;2056
3076;3739;5526;6254;6265;2046;3189;2051;2056
3075;3734;5522;6236;6265;2046;3189;2051;2056
3076;3734;5520;5526;6224;2046;3189;2051;2056
3073;3739;5520;6236;6265;2046;3189;2051;2056
3075;3739;5520;6236;6265;2046;3189;2051;2056
3073;3734;5520;5526;6265;2046;3189;2051;2056
3073;3734;5522;5526;6265;2046;3189;2051;2056
3073;3739;5522;5526;6265;2046;3189;2051;2056
3075;3739;5522;5526;6265;2046;3189;2051;2056
3076;3734;5522;5526;6265;2046;3189;2051;2056
3075;3734;5522;5526;6224;2046;3189;2051;2056
3075;3734;5522;5526;6224;2758;3189;2051;2056
3075;3734;5522;5526;6224;2048;3189;2051;2056
3075;3734;5522;5526;6224;2046;6897;2051;2056
3075;3734;5522;5526;6224;2046;6898;2051;2056
3075;3734;5522;5526;6224;2046;6900;2051;2056
3075;3734;5522;5526;6224;2046;3189;2444;2056
3075;3734;5522;5526;6224;2046;3189;2478;2056
3075;3734;5522;5526;6224;2046;3189;2051;6901
3075;3734;5522;5526;6224;2046;3189;2051;6902
3075;3734;5522;5526;6224;2046;3189;2051;2056;6921
3075;3734;5522;5526;6224;2046;3189;2051;2056;6923
3075;3734;5522;5526;6224;2046;3189;2051;2056;6916
3075;3734;5522;5526;6224;2046;3189;2051;2056;2050
3075;3734;5522;5526;6224;2046;3189;2051;2056;2040
3075;3734;5522;5526;6224;2046;3189;2051;2056;6903
3075;3734;5522;5526;6224;2046;3189;2051;2056;6909
