3071;3693;5522;5526;6222;2046;3189;2051;2056
3071;3693;5526;6222;6251;2046;3189;2051;2056
3071;3693;5526;6222;6252;2046;3189;2051;2056
3071;3693;5526;6222;6253;2046;3189;2051;2056
3071;3693;5522;5526;6265;2046;3189;2051;2056
3071;3693;5520;6237;6265;2046;3189;2051;2056
3071;3693;5526;6251;6265;2046;3189;2051;2056
3071;3693;5526;6253;6265;2046;3189;2051;2056
3071;3693;5526;6254;6265;2046;3189;2051;2056
3073;3693;5526;6222;6253;2046;3189;2051;2056
3073;3693;5522;5526;6265;2046;3189;2051;2056
3073;3693;5526;6254;6265;2046;3189;2051;2056
3075;3693;5526;6222;6253;2046;3189;2051;2056
3075;3693;5526;6222;6254;2046;3189;2051;2056
3075;3693;5522;5526;6265;2046;3189;2051;2056
3075;3693;5520;6237;6265;2046;3189;2051;2056
3075;3693;5526;6253;6265;2046;3189;2051;2056
3075;3693;5526;6254;6265;2046;3189;2051;2056
3075;3693;5526;6253;6271;2046;3189;2051;2056
3075;3693;5526;6254;6271;2046;3189;2051;2056
3076;3693;5526;6222;6253;2046;3189;2051;2056
3076;3693;5520;6237;6265;2046;3189;2051;2056
3076;3693;5526;6253;6271;2046;3189;2051;2056
3075;3734;5522;5526;6265;2046;3189;2051;2056
3075;3734;5522;5526;6269;2046;3189;2051;2056
3076;3734;5522;5526;6265;2046;3189;2051;2056
3076;3734;5526;6254;6265;2046;3189;2051;2056
3071;3738;5522;5526;6265;2046;3189;2051;2056
3073;3738;5522;5526;6265;2046;3189;2051;2056
3075;3738;5522;5526;6265;2046;3189;2051;2056
3075;3738;5526;6254;6265;2046;3189;2051;2056
3075;3738;5526;6254;6271;2046;3189;2051;2056
3076;3738;5522;5526;6265;2046;3189;2051;2056
3076;3738;5526;6254;6265;2046;3189;2051;2056
3071;3740;5526;6222;6253;2046;3189;2051;2056
3071;3740;5522;5526;6265;2046;3189;2051;2056
3071;3740;5520;6237;6265;2046;3189;2051;2056
3071;3740;5526;6252;6265;2046;3189;2051;2056
3071;3740;5526;6253;6265;2046;3189;2051;2056
3071;3740;5526;6254;6265;2046;3189;2051;2056
3071;3740;5526;6253;6271;2046;3189;2051;2056
3056;3760;5526;6253;6265;2046;3189;2051;2056
3071;5286;5526;6252;6265;2046;3189;2051;2056
3075;3693;5520;6224;6234;2046;3189;2051;2056
3075;3738;5520;6237;6265;2046;3189;2051;2056
3076;3693;5526;6222;6254;2046;3189;2051;2056
3075;3693;5526;6224;6253;2046;3189;2051;2056
3076;3693;5526;6254;6265;2046;3189;2051;2056
3071;5286;5520;6240;6265;2046;3189;2051;2056
3076;3693;5526;6253;6270;2046;3189;2051;2056
3076;3693;5520;6224;6234;2046;3189;2051;2056
3076;3693;5522;6224;6234;2046;3189;2051;2056
3075;3734;5522;5526;6222;2046;3189;2051;2056
3071;3693;5520;6240;6265;2046;3189;2051;2056
3071;3738;5520;6240;6265;2046;3189;2051;2056
3075;3693;5520;6240;6265;2046;3189;2051;2056
3056;3693;5526;6222;6254;2046;3189;2051;2056
3073;5286;5520;6237;6265;2046;3189;2051;2056
3073;3738;5520;6237;6265;2046;3189;2051;2056
3071;3693;5522;5526;6222;2758;3189;2051;2056
3071;3693;5522;5526;6222;2048;3189;2051;2056
3071;3693;5522;5526;6222;2046;6897;2051;2056
3071;3693;5522;5526;6222;2046;6898;2051;2056
3071;3693;5522;5526;6222;2046;6900;2051;2056
3071;3693;5522;5526;6222;2046;3189;2444;2056
3071;3693;5522;5526;6222;2046;3189;2478;2056
3071;3693;5522;5526;6222;2046;3189;2051;6901
3071;3693;5522;5526;6222;2046;3189;2051;6902
3071;3693;5522;5526;6222;2046;3189;2051;2056;6921
3071;3693;5522;5526;6222;2046;3189;2051;2056;6923
3071;3693;5522;5526;6222;2046;3189;2051;2056;6916
3071;3693;5522;5526;6222;2046;3189;2051;2056;2050
3071;3693;5522;5526;6222;2046;3189;2051;2056;2040
3071;3693;5522;5526;6222;2046;3189;2051;2056;6903
3071;3693;5522;5526;6222;2046;3189;2051;2056;6909
