3070;3693;5520;6222;6236;2046;3189;2051;2056
3070;3693;5526;6222;6250;2046;3189;2051;2056
3070;3693;5526;6222;6253;2046;3189;2051;2056
3070;3693;5526;6222;6254;2046;3189;2051;2056
3070;3693;5520;6224;6240;2046;3189;2051;2056
3070;3693;5526;6224;6253;2046;3189;2051;2056
3070;3693;5522;5526;6265;2046;3189;2051;2056
3070;3693;5522;6234;6265;2046;3189;2051;2056
3070;3693;5520;6234;6265;2046;3189;2051;2056
3070;3693;5520;6236;6265;2046;3189;2051;2056
3070;3693;5520;6239;6265;2046;3189;2051;2056
3070;3693;5526;6248;6265;2046;3189;2051;2056
3070;3693;5526;6253;6265;2046;3189;2051;2056
3070;3693;5526;6254;6265;2046;3189;2051;2056
3070;3693;5520;6240;6271;2046;3189;2051;2056
3070;3693;5526;6253;6271;2046;3189;2051;2056
3070;3693;5526;6256;6271;2046;3189;2051;2056
3070;3693;5522;5526;6273;2046;3189;2051;2056
3070;3693;5520;6234;6273;2046;3189;2051;2056
3070;3693;5520;6224;6236;2046;3189;2051;2056
3070;3693;5520;6222;6234;2046;3189;2051;2056
3070;3693;5526;6222;6247;2046;3189;2051;2056
3070;3693;5520;6224;6239;2046;3189;2051;2056
3070;3693;5522;5526;6270;2046;3189;2051;2056
3070;3693;5522;5526;6222;2046;3189;2051;2056
3070;3693;5520;6222;6239;2046;3189;2051;2056
3070;3693;5526;6224;6250;2046;3189;2051;2056
3070;3693;5522;6234;6273;2046;3189;2051;2056
3070;3693;5520;6222;6236;2046;3189;2051;2056
3070;3693;5520;6222;6236;2758;3189;2051;2056
3070;3693;5520;6222;6236;2048;3189;2051;2056
3070;3693;5520;6222;6236;2046;6897;2051;2056
3070;3693;5520;6222;6236;2046;6898;2051;2056
3070;3693;5520;6222;6236;2046;6900;2051;2056
3070;3693;5520;6222;6236;2046;3189;2444;2056
3070;3693;5520;6222;6236;2046;3189;2478;2056
3070;3693;5520;6222;6236;2046;3189;2051;6901
3070;3693;5520;6222;6236;2046;3189;2051;6902
3070;3693;5520;6222;6236;2046;3189;2051;2056;6921
3070;3693;5520;6222;6236;2046;3189;2051;2056;6923
3070;3693;5520;6222;6236;2046;3189;2051;2056;6916
3070;3693;5520;6222;6236;2046;3189;2051;2056;2050
3070;3693;5520;6222;6236;2046;3189;2051;2056;2040
3070;3693;5520;6222;6236;2046;3189;2051;2056;6903
3070;3693;5520;6222;6236;2046;3189;2051;2056;6909
