3703;4109;4111;6224;6237;8450;2046;3189;2051;2056
3703;4109;4111;6224;6240;8450;2046;3189;2051;2056
3703;4109;4111;6224;6243;8450;2046;3189;2051;2056
3703;4109;4111;5535;6261;8450;2046;3189;2051;2056
3703;4109;4111;6237;6261;8450;2046;3189;2051;2056
3703;4109;4111;6243;6261;8450;2046;3189;2051;2056
3703;4109;4111;6224;6237;8450;2046;3189;2051;2056
3703;4109;4111;6224;6237;8450;2758;3189;2051;2056
3703;4109;4111;6224;6237;8450;2048;3189;2051;2056
3703;4109;4111;6224;6237;8450;2046;6897;2051;2056
3703;4109;4111;6224;6237;8450;2046;6898;2051;2056
3703;4109;4111;6224;6237;8450;2046;6900;2051;2056
3703;4109;4111;6224;6237;8450;2046;3189;2444;2056
3703;4109;4111;6224;6237;8450;2046;3189;2478;2056
3703;4109;4111;6224;6237;8450;2046;3189;2051;6901
3703;4109;4111;6224;6237;8450;2046;3189;2051;6902
3703;4109;4111;6224;6237;8450;2046;3189;2051;2056;6921
3703;4109;4111;6224;6237;8450;2046;3189;2051;2056;6923
3703;4109;4111;6224;6237;8450;2046;3189;2051;2056;6916
3703;4109;4111;6224;6237;8450;2046;3189;2051;2056;2050
3703;4109;4111;6224;6237;8450;2046;3189;2051;2056;2040
3703;4109;4111;6224;6237;8450;2046;3189;2051;2056;6903
3703;4109;4111;6224;6237;8450;2046;3189;2051;2056;6909
3703;4109;4111;6224;6237;8450;2046;3189;2051;2056;6911
3703;4109;4111;6224;6237;8450;2046;3189;2051;2056;6913
