3289;3703;6222;6234;2046;3189;2051;2056
3289;3703;6222;6237;2046;3189;2051;2056
3289;3703;6222;6240;2046;3189;2051;2056
3289;3703;6234;6265;2046;3189;2051;2056
3289;3703;6237;6265;2046;3189;2051;2056
3289;3703;6240;6265;2046;3189;2051;2056
3289;3703;6243;6265;2046;3189;2051;2056
3289;3708;6222;6237;2046;3189;2051;2056
3289;3708;6222;6240;2046;3189;2051;2056
3289;3708;6234;6265;2046;3189;2051;2056
3289;3708;6237;6265;2046;3189;2051;2056
3289;3708;6240;6265;2046;3189;2051;2056
3289;3711;6234;6265;2046;3189;2051;2056
3289;3711;6237;6265;2046;3189;2051;2056
3289;3711;6240;6265;2046;3189;2051;2056
3289;3708;6222;6234;2046;3189;2051;2056
3289;3703;6222;6234;2046;3189;2051;2056
3289;3703;6222;6234;2758;3189;2051;2056
3289;3703;6222;6234;2048;3189;2051;2056
3289;3703;6222;6234;2046;6897;2051;2056
3289;3703;6222;6234;2046;6898;2051;2056
3289;3703;6222;6234;2046;6900;2051;2056
3289;3703;6222;6234;2046;3189;2444;2056
3289;3703;6222;6234;2046;3189;2478;2056
3289;3703;6222;6234;2046;3189;2051;6901
3289;3703;6222;6234;2046;3189;2051;6902
3289;3703;6222;6234;2046;3189;2051;2056;6921
3289;3703;6222;6234;2046;3189;2051;2056;6923
3289;3703;6222;6234;2046;3189;2051;2056;6916
3289;3703;6222;6234;2046;3189;2051;2056;2050
3289;3703;6222;6234;2046;3189;2051;2056;2040
3289;3703;6222;6234;2046;3189;2051;2056;6903
3289;3703;6222;6234;2046;3189;2051;2056;6909
